	File_Name	Total_Kernels	Percent_Transmission	R-Squared	P-Value	Slope
0	X440-1x402	455	40.44615384615385	0.20584506968691862	1.745055569340547e-24	-8.190189472316378e-05
1	X402x467B-3m1	415	2.648192771084337	0.013173580546958202	0.019343145078609077	-6.615788684280036e-05
2	X402x441-2m3	494	91.13157894736842	0.029325249527721888	0.00013088717712141632	1.236236152352392e-05
3	X402x439-1m2	653	45.084226646248084	0.40697302747729786	6.68295583483864e-76	-8.942900741225584e-05
4	X402x517-4m1	692	76.54913294797687	0.10676259633222951	1.1133404688205124e-18	3.520193242684628e-05
5	X402x4-1m3	651	67.87557603686636	0.020834132219823553	0.00021980921912635439	-1.2119203958233437e-05
6	X400x485L-3m1	481	46.7983367983368	0.06037893358344139	4.788707485037469e-08	-2.722537803894236e-05
7	X479A-1x402	430	48.306976744186045	0.5654504075067841	1.7758845882245386e-79	-9.875237966271382e-05
8	X400x552AL-11m2	469	36.45202558635395	0.7409349577984077	4.600382852844512e-139	-0.00022500924652034523
9	X402x489-3m3	512	75.1328125	0.034372745213019175	2.4268522341240833e-05	-1.1750836647968556e-05
10	X401x466-1m1	514	63.42801556420233	0.29826030518766466	2.68470571878394e-41	-6.477693285620494e-05
11	X403x505A-2m2	686	64.04081632653062	0.16705391909099654	5.25653598107483e-29	3.4651598555598516e-05
12	X402x423-2m3	585	82.1076923076923	0.5689989246883923	1.2337961073123514e-108	0.00011086924736686496
13	X573B-7x410	621	32.289855072463766	0.0035204485754631956	0.13970182850603027	-6.9626937235965065e-06
14	X400x554A-4m3	394	2.918781725888325	0.6944533297559691	5.740050527628738e-103	-0.0007858700298429388
15	X402x449A-1m1	624	40.5	0.5678250969198956	2.0766000552480264e-115	-0.00013821096169103957
16	X403x486-1m1	531	61.79472693032015	0.33952995138699615	1.3308940977499356e-49	4.5520392222086825e-05
17	X422-2x402	399	34.390977443609025	0.29947112102906087	1.5088755897022322e-32	6.106462288433571e-05
18	X401x440-3m1	347	56.34005763688761	0.004324646661768041	0.22174012855727043	-4.123145665805234e-06
19	X400x552AL-3m2	379	30.74406332453826	0.11781705766715153	6.4193221855322534e-12	5.446195036624551e-05
20	X400x554A-4m2	222	17.83783783783784	0.5447718928922978	1.84376535352961e-39	-0.0002055029529905921
21	X402x423-2m2	476	80.16806722689076	0.1876021865146377	3.45565448527517e-23	-3.23362324249596e-05
22	X401x469A-2m1	674	52.75074183976261	0.3534412143173613	1.1941482734709061e-65	-5.536004616711942e-05
23	X447-3x402	645	50.5937984496124	0.7450772356201829	5.268732072574832e-193	0.00013892357096086078
24	X400x552AL-11m3	272	7.036764705882353	0.5915074546958724	2.0353468066894965e-54	-0.0005105549025793426
25	X402x489-3m2	582	66.11340206185567	0.06493409727826403	4.4452292693374523e-10	-2.3022725271517696e-05
26	X498L-2x403	601	68.78369384359401	0.46937470763057854	1.7801742516920204e-84	-6.380748773993593e-05
27	X417-2x402	455	26.516483516483518	0.126518741095919	5.130438338741648e-15	4.778419842005677e-05
28	X402x421-5m1	526	62.30038022813688	0.5667969831374959	3.005318087977373e-97	-0.00013014394846284653
29	X4-1x402	435	51.91954022988506	0.02908941313015618	0.0003526310332025106	1.999090935276435e-05
30	X401x521-1m1	603	54.70978441127695	0.05305945895301964	1.0541305003667852e-08	-1.4774978897439719e-05
31	X400x454L-1m1	538	23.133828996282528	0.046075800519522446	5.009369916314563e-07	-4.706446434678287e-05
32	X402x439-1m3	502	51.9203187250996	0.5191547759142143	1.5671788212263317e-81	7.586704281055484e-05
33	X402x441-2m2	557	64.06642728904848	0.1975950781540368	2.227504913075641e-28	4.8197682325874254e-05
34	X403x4-2m3	656	52.20579268292683	0.12294695632987904	2.0605417569661034e-20	-2.538986826285394e-05
35	X402x490-3m1	478	38.81171548117155	0.0008963660648934267	0.5137540705910608	-3.2577684771290885e-06
36	X401x3-6m4	655	51.42137404580153	0.1324795462098105	5.98871572954448e-22	3.778657711908077e-05
37	X403x552AL-7m1	489	37.56032719836401	0.019813350916644424	0.0018069468344511308	1.6198943610778307e-05
38	X401x517-1m1	395	62.741772151898736	0.6301071204882555	6.777126554195737e-87	-0.00011605535549029471
39	X403x4-2m1	695	58.67194244604317	0.0705426000282363	1.098582465341937e-12	-3.270530023268512e-05
40	X570AL-1x400	478	58.16527196652719	0.7306018845932981	1.1604792841067704e-137	9.979108488896105e-05
41	X400x485L-3m2	539	41.1595547309833	0.6149337400985382	2.28090025504201e-113	0.00014622203342966116
42	X441-2x402	563	51.87388987566607	0.04169364945858814	1.0303707506189464e-06	2.888939450760615e-05
43	X488-2x402	631	33.61965134706814	0.045530960379516566	6.2372909601561e-08	-2.4203066890060123e-05
44	X402x421-5m3	502	60.43625498007968	0.18565622224115003	4.13155188104861e-24	4.446591172726138e-05
45	X437-1x402	441	39.12698412698413	0.0261433393972215	0.0006537256953928716	2.238114232715029e-05
46	X400x515L-3m1	423	49.297872340425535	0.3312413282694392	1.1133567031284343e-38	-8.689830925727966e-05
47	X400x514L-3m1	483	47.47204968944099	0.5571990245497779	3.9818582612293057e-87	0.0001448229371801045
48	X400x552AL-11m1	392	5.415816326530612	0.4420775671211916	2.3114716470955417e-51	-0.0002848248873513444
49	X400x429L-1m1	506	50.12252964426877	0.7658713654675194	5.137024045795951e-161	-0.00016656414645194886
50	X401x438-2m1	534	39.752808988764045	0.49192931603508905	2.9363861050430848e-80	-0.00013452741348825065
51	X401x420-4m1	521	59.8426103646833	0.006352713707127073	0.06909489534567319	6.485507153166492e-06
52	X462A-3x402	500	42.612	0.4277525714048261	2.369928831443522e-62	-0.00011679846893147347
53	X402x537A-1m3	563	65.6145648312611	0.17832221138404117	9.374792111188514e-26	4.0652064170746865e-05
54	X490-1x402	593	54.21079258010118	0.16490124913297205	5.987526812990647e-25	-5.189521916253524e-05
55	X400x463AL-1m1	389	42.673521850899746	0.3517662732908435	2.527622951504647e-38	0.00016984677024524397
56	X400x485-5m1	564	54.75	0.8437411728809463	1.0813169408763918e-228	0.00015589613632674063
57	X400x534-2m2	517	47.32495164410058	0.09850514212591423	2.7845742360789035e-13	-5.2052993867025634e-05
58	X402x449A-1m2	552	44.742753623188406	0.15259816059986128	1.445798094145805e-21	5.876993354728807e-05
59	X403x486-1m2	585	50.21880341880342	0.6131617930368206	2.4517365925577055e-122	9.296843687663243e-05
60	X401x492-3m1	678	38.09882005899705	0.0013008310816718077	0.3483979348070336	-3.573059719799173e-06
61	X474-2x402	544	43.74632352941177	0.0929671633309107	3.621950720038253e-13	-4.859657155348056e-05
62	X400x554A-4m1	448	27.988839285714285	0.23126412770610194	2.6309583809959232e-27	-9.521764815008083e-05
63	X402x449A-1m3	446	23.255605381165918	0.07674989549077585	2.662862303718539e-09	3.235038555141708e-05
64	X451A-4x402	346	38.29479768786127	0.26908904063669603	3.160394944183584e-25	-0.0001345701039868269
65	X498-4x402	285	45.680701754385964	0.7797634151934	5.599014080884135e-95	0.00024035993815460494
66	X402x423-2m1	454	69.79735682819383	0.07420235512535953	3.633642145060475e-09	5.8755406259513514e-05
67	X402x537A-1m2	630	45.08888888888889	0.0013603865335243648	0.3553601096361504	1.8563234416183871e-06
68	X554A-4x400	573	58.539267015706805	0.4829931240099486	7.653373647983053e-84	-9.567109233226599e-05
69	X400x504AL-1m1	575	39.485217391304346	0.041494301464562525	8.405963952500988e-07	2.354570250292504e-05
70	X402x489-3m1	574	54.754355400696866	0.36044180899751604	1.6788080303496492e-57	0.00010862521032055277
71	X481A-3x402	576	36.03993055555556	0.3765729073828932	6.864656026459448e-61	6.5033374953914e-05
72	X400x467BL-1m3	513	2.7212475633528266	0.13490767539933993	7.882931062845302e-18	0.00023562269812013825
73	X468A-1x402	283	67.3886925795053	0.3485776943733819	5.635431960936137e-28	-0.00010749273349402427
74	X402x421-5m2	414	56.85748792270532	0.0003683332568283622	0.6970136908987739	3.8530380410005315e-06
75	X402x422-4m2	510	61.93921568627451	0.7887901495432736	1.195322135053176e-173	-0.00016593509767948424
76	X401x474-4m2	596	71.96140939597315	0.1399817609904537	3.0636312540578347e-21	3.897188104476584e-05
77	X400x529A-6m1	620	48.32741935483871	0.19951570503293004	9.761918410294664e-32	4.485456220836187e-05
78	X402x441-2m1	650	75.9523076923077	0.6587773057822867	1.9523263198728595e-153	7.978602684140811e-05
79	X445-4x402	533	45.05816135084428	0.45658242773122465	2.4347578493576133e-72	5.974082708491873e-05
80	X402x539-2m1	488	53.81967213114754	0.5231280293226879	3.5475093433122965e-80	6.421846495701325e-05
81	X460-2x402	644	56.91459627329193	0.017956555266469068	0.0006511238335821446	-1.576361267369151e-05
82	X400x418-2m1	560	56.48571428571429	0.19152596679803707	1.327196639020496e-27	2.4126960872167967e-05
83	X401x3-6m3	572	20.613636363636363	0.03256937282057665	1.4088673241231965e-05	2.9965590381475734e-05
84	X401x528-5m1	649	60.06471494607088	0.2880573616342377	1.0737441978462586e-49	-6.012478716321061e-05
85	X441-3x402	529	48.35727788279773	3.6226034480714726e-05	0.8901563748003514	1.0792412274285425e-06
86	X429L-1x402	391	53.30690537084399	0.7967368529491973	1.1834565107504943e-136	-0.00015613122062144277
87	X480A-4x402	503	53.089463220675945	0.4688686441839754	7.557749670668563e-71	-6.510777195556806e-05
88	X401x516-1m1	628	56.33757961783439	0.4362183118891439	6.0321275926492934e-80	-7.898420337782532e-05
89	X400x434L-1m1	624	35.18429487179487	0.8880304876916668	6.31832993471544e-298	-0.00021876355490824044
90	X402x444B-1m1	463	32.30885529157668	0.23612931359041311	8.248402445411426e-29	-8.658928545125533e-05
91	X401x480A-3m1	691	53.29522431259045	0.08310221573137684	1.085791739491634e-14	2.7393485453882676e-05
92	X455-3x402	463	50.131749460043196	0.0033361914240835383	0.21478370401435531	-9.426688596296073e-06
93	X403x470-2m1	403	63.01736972704715	0.42624410680245206	2.562268376771923e-50	9.899702961321447e-05
94	X400x554A-4m4	90	11.733333333333333	0.27060163299947904	1.481084387387217e-07	0.00030874363574297486
95	X402x421-1m3	415	44.90120481927711	0.009483096263023908	0.0474192578373874	-1.6120659563123774e-05
96	X402x490-5m1	557	42.80430879712747	0.4811596031057597	4.0690344133098346e-81	8.601832980663886e-05
97	X460L-1x402	595	56.37983193277311	0.012830125621996119	0.005673939355259516	-8.028145767799415e-06
98	X481A-2x402	504	42.22420634920635	0.41251086868504844	5.772905924612459e-60	-9.413973377909345e-05
99	X402x488-3m1	726	61.527548209366394	0.25157610829873417	1.6265635925825024e-47	-4.139310186377993e-05
100	X451A-5x402	332	60.53915662650602	0.49243947578834807	1.5861079787538597e-50	-0.00010228355204694009
101	X426L-2x402	319	34.38871473354232	0.7966638224182173	1.1274737367293858e-111	0.000200664031491821
102	X415-4x402	384	34.002604166666664	0.81030707460378	5.804991720858888e-140	-0.00019250334729793264
103	X402x422-2m1	127	31.968503937007874	0.08582628768992914	0.000830235283336936	6.15749282609212e-05
104	X498-5x402	492	44.56910569105691	0.03205601836253906	6.50899152522327e-05	2.5858553943790895e-05
105	X402x450-2m1	599	64.0584307178631	0.017166079177996094	0.0013099248167940062	1.1466502972288164e-05
106	X403x534-3m1	632	68.27056962025317	0.09326019657662266	4.1481170054713505e-15	-1.9551020686582384e-05
107	X400x457-1m2	666	38.21621621621622	0.502520792332873	9.305728656698725e-103	7.825818269835689e-05
108	X460-3x402	493	41.3711967545639	0.1572787268643647	5.112765663276221e-20	-4.722579090923508e-05
109	X441L-3x402	423	43.12056737588652	0.012448754361261184	0.021726355904403742	-2.0388846979758226e-05
110	X552AL-1x402	620	63.76129032258064	0.12133849974962177	3.9830136691616485e-19	3.208928878686755e-05
111	X401x423-1m1	517	44.28433268858801	0.013943525617147387	0.007191758671519684	8.936937035091943e-06
112	X401x3-6m2	644	62.86645962732919	0.1865304933912526	1.200288785087431e-30	4.8216200061609505e-05
113	X485-3x402	510	55.82941176470588	0.4075963526538334	9.712972544492443e-60	-7.646984600967426e-05
114	X401x415-1m1	432	61.548611111111114	0.7029947291280559	2.0199810236698447e-115	-0.00011943196560601285
115	X402x415-4m2	587	52.06814310051107	0.13592041875820213	2.4486179350947655e-20	-5.590607168432878e-05
116	X555A-3x403	628	67.39171974522293	0.5369246182201176	9.703053761127436e-107	0.00010847536874251282
117	X400x514L-5m1	489	41.214723926380366	0.5822623221138975	2.3163105022273948e-94	0.0001758354963525569
118	X403x511-2m1	499	72.06412825651303	0.7366875563251056	4.043244759325531e-146	-0.00010348035204878686
119	X402x516-4m1	616	52.076298701298704	0.09694648099605653	2.5829600361535474e-15	2.9788908749366187e-05
120	X400x522AL-2m1	637	49.19152276295134	0.34867196630636565	4.0675843768423795e-61	-6.938189227916847e-05
121	X432L-3x402	339	41.935103244837755	0.1392338134804692	1.2203845483576972e-12	5.977964997341347e-05
122	X401x438-4m1	503	59.57057654075547	0.26358688791297524	3.571920349638231e-35	8.36956224911475e-05
123	X401x555A-4m1	337	32.23738872403561	0.2736795911280751	4.529999299338004e-25	0.0001296481203224469
124	X402x450-2m3	495	66.73131313131313	0.8224722615948855	3.4807266211733064e-187	-0.00013484674058493977
125	X402x422-2m3	358	52.564245810055866	0.06711355091367538	6.70729606148268e-07	-3.124006355042643e-05
126	X401x442-2m1	287	67.26829268292683	0.6806019104923808	1.331488942227902e-72	0.00014022653121302316
127	X402x432-2m3	677	47.0546528803545	0.0017360864804712322	0.27898894683647857	-3.568075721862727e-06
128	X468AL-2x402	444	44.542792792792795	0.17530310991150824	2.842203414742414e-20	5.352210948430977e-05
129	X573B-6x410	600	24.966666666666665	0.28513190244627906	1.5762958225105863e-45	-9.198204725412362e-05
130	X402x490-5m3	537	66.06145251396649	0.385345173237778	1.593039154604069e-58	5.875451718181991e-05
131	X400x518L-2m1	627	43.79904306220096	0.42466716515821523	4.6089946895799605e-77	0.00012194519576180539
132	X400x519L-2m1	633	38.6477093206951	0.8369556393710061	1.0537625948699514e-250	0.0001767955898345799
133	X402x449A-1m4	574	37.67247386759582	0.487297954921827	5.009180927315481e-85	7.398513231311109e-05
134	X401x481A-1m1	443	73.44018058690745	0.03885715366539015	2.937136374562425e-05	1.591233271866697e-05
135	X400x509L-1m1	529	49.17013232514178	0.11701005630097361	5.755325780945036e-16	4.1858052178516985e-05
136	X401x480A-1m1	689	55.62989840348331	0.03282105058949764	1.6978799502017158e-06	-1.2265065096444296e-05
137	X402x522-3m1	639	42.78403755868545	0.028436915526560587	1.826190559666307e-05	1.6131825808406766e-05
138	X400x466L-2m1	380	65.51052631578948	0.33901135405477933	7.282241847423909e-36	0.00011237857597700165
139	X402x488-3m2	620	80.81451612903226	0.002907408761365539	0.17996164231236472	-3.0645945554791747e-06
140	X402x490-5m2	715	61.88671328671329	0.025198616446983273	2.0054325327148075e-05	-1.2368543747549595e-05
141	X403x454-3m4	695	56.62589928057554	0.31142040695014506	3.841355634650459e-58	6.240726698578347e-05
142	X401x474-2m2	541	51.07024029574861	0.4292596783886903	1.1987097652803417e-67	-9.625485478996929e-05
143	X402x432-2m2	500	51.09	0.38223542053855014	4.7367137335705965e-54	4.839214887882919e-05
144	X402x422-2m2	428	37.794392523364486	0.020748847689186795	0.0028182705101442306	2.188548757947382e-05
145	X402x450-2m2	569	59.18804920913884	0.496472210900168	1.5844742052591844e-86	0.00010351616278149536
146	X429-2x402	193	40.94818652849741	0.004942403472587186	0.3312854474107728	-1.0550859798735202e-05
147	X401x520-1m1	543	43.913443830570905	0.07114790609409731	2.683646924414667e-10	-3.392086956833753e-05
148	X400x457-1m1	552	48.880434782608695	0.8101915470806944	1.2997487452382407e-200	0.00021839705305382411
149	X401x478A-5m1	632	36.473101265822784	0.05165040324984743	7.565085626292652e-09	-3.292717989644397e-05
150	X400x554A-2m1	289	40.21107266435986	0.7445837470953703	4.745849916422114e-87	-0.0002205712928609828
151	X417-3x402	437	47.71853546910755	0.9144155256431351	2.4985663877191052e-234	0.0002644718306495116
152	X402x415-4m3	608	37.22532894736842	0.5746859940435536	1.3468420836981866e-114	0.00010435215007172922
153	X432-5x402	256	28.1875	0.07475768346517046	9.073699157098032e-06	2.9492243231950513e-05
154	X401x489-5m1	625	71.5648	0.5871739442879189	8.533022662947673e-122	-7.98967918810884e-05
155	X402x474-4m4	511	43.25048923679061	0.7689533953372264	4.642038134156988e-164	-0.0001316732562941203
156	X401x492-2m1	619	34.917609046849755	0.3302667535204339	1.0876798425051189e-55	-0.00014438614857967014
157	X402x458-1m1	693	59.83549783549783	0.17305035937297858	2.233720945743216e-30	-2.9442124413905834e-05
158	X459-2x402	409	52.91687041564792	0.8104759235389553	4.4356906102275995e-149	-0.00017203015896300359
159	X401x468A-1m1	353	68.20963172804532	0.6562579020663587	2.1312812847393704e-83	0.0001033772269624135
160	X423-2x402	238	40.38235294117647	0.8655263760951477	8.41937071822839e-105	-0.0003465789699767868
161	X402x528-5m3	591	57.8595600676819	0.03354837276075465	7.41898027366285e-06	1.455679340144611e-05
162	X402x466-5m1	556	58.85971223021583	0.8836667241903191	5.711345093864735e-261	0.00020656844764421398
163	X571A-2x400	654	62.85168195718654	0.3457130926911685	4.618350834207675e-62	6.354226279355903e-05
164	X555A-1x400	460	67.86739130434782	0.034057191141229105	6.84676128768247e-05	2.4538588397773617e-05
165	X437-2x402	543	64.48250460405157	0.39351918582077683	9.737562645457973e-61	8.346389491439149e-05
166	X402x483A-1m1	565	60.45663716814159	0.470592253572178	8.635296636391403e-80	5.6069718013494e-05
167	X402x429-2m3	640	50.0484375	0.013115980768558168	0.0037177648622624226	1.0461633307741703e-05
168	X401x459-2m1	482	75.9460580912863	0.025067721939962984	0.00048480311398988027	-1.4309535842456855e-05
169	X402x456L-3m1	569	36.36731107205624	0.1359056678413352	9.304679706230412e-20	-4.752462542677864e-05
170	X401x514-1m1	697	70.27403156384506	5.861522131976774e-06	0.9491269815296318	-1.1965269714186137e-07
171	X403x435-1m1	448	48.16294642857143	0.38631947972482517	3.1129393788866795e-49	6.836977009322231e-05
172	X402x443B-1m1	508	2.6003937007874014	0.11662201298953544	2.427121734603538e-15	0.00021084417318645787
173	X403x445-4m1	633	58.78199052132702	0.018422809623435604	0.0006170158370983044	1.4514981909672974e-05
174	X401x462A-3m1	503	63.32405566600398	0.6140066701486399	1.2457093357338664e-105	0.00014589551379752351
175	X403x526-3m1	705	57.53900709219858	0.13029797920487796	4.032213817872982e-23	-2.4648239411737897e-05
176	X401x488-1m1	556	76.00539568345324	0.8672244141345878	4.619049896823744e-245	-0.00020720668997338245
177	X402x429-2m2	669	60.43497757847533	0.19215886313040184	8.67772055972767e-33	-2.614894792280024e-05
178	X401x421-1m1	374	33.77272727272727	0.7332443864166927	8.718754788616964e-109	-0.00015200037595698674
179	X552AL-3x402	565	71.73805309734513	0.5405768328543487	3.7354453882091073e-97	8.223716422839357e-05
180	X403x522AL-1m1	610	56.87377049180328	0.24517017839108887	4.775533940422518e-39	-3.9255818574465104e-05
181	X494-4x402	531	65.52542372881356	0.8004439842276703	2.8528827004305776e-187	-0.0002087711341869579
182	X402x528-5m2	608	55.67927631578947	0.029771093369991324	1.886852153747194e-05	-1.3681996080394532e-05
183	X468A-2x402	384	54.3046875	0.2604394572004427	7.474791263942998e-27	-4.57313644432897e-05
184	X40_x526-4m1	491	56.30346232179226	0.14340407434400793	3.446542284635177e-18	3.037535710452652e-05
185	X402x474-4m5	511	49.19178082191781	0.011981927336436674	0.013293580941881947	1.1985988407977716e-05
186	X474-1x402	506	27.869565217391305	0.05702754068056177	5.407889924839209e-08	-3.1162225627674765e-05
187	X403x517L-5m1	621	70.0354267310789	0.015493456177526482	0.0018855684647178872	-1.250884792059664e-05
188	X402x527A-3m1	619	64.7269789983845	0.6851988763257166	5.4023403122189065e-157	6.639528089009159e-05
189	X403x533A-8m4	563	53.708703374777976	0.05326634497149458	3.042080805763387e-08	2.6701405825832975e-05
190	X422-1x402	632	45.11708860759494	0.7885983248219325	9.175699657060015e-215	-0.00018457407368986875
191	X402x458-1m2	639	52.79029733959312	0.23629186923350684	3.335702606633965e-39	-6.890166628809548e-05
192	X435-5x402	408	79.26960784313725	0.7687002734926229	3.8173379409079747e-131	0.00012690403573831146
193	X401x440-2m1	610	58.5	0.24675610553939378	2.5116399797058512e-39	5.542069522879451e-05
194	X401x528-2m1	667	60.64767616191904	0.7772272666616664	5.117191540852017e-219	0.00013431887182120464
195	X491-1x402	560	62.18928571428572	0.11247677256747857	3.4603714420184826e-16	5.5436592137214074e-05
196	X458-1x402	492	39.1849593495935	0.030468152307866127	9.950179813482582e-05	-2.4533721582270868e-05
197	X402x466-5m2	681	73.03083700440529	0.0406182773496796	1.1314561203265845e-07	2.1762787302218563e-05
198	X403x526-1m1	690	55.756521739130434	0.5781742288574621	4.439051675981068e-131	5.392870755292265e-05
199	X402x539-1m1	664	49.21084337349398	0.0015995108274209785	0.30346074050335187	7.262440870920394e-06
200	X402x483A-1m2	659	70.19726858877087	0.49142509302616694	1.528192418098775e-98	-0.00012214396908299442
201	X401x432-2m1	548	48.44525547445255	0.39389911051235343	2.338863509929489e-61	-0.0001021211197030744
202	X421-5x402	283	51.438162544169614	0.5333349192316592	2.0305478948026236e-48	-0.00013190853628764214
203	X402x474-2m1	517	58.154738878143135	0.11243025374233143	4.7438259334627566e-15	4.439728212231923e-05
204	X401x424L-3m1	304	63.30592105263158	0.0036863715255698866	0.29132309276047136	-6.188003091828724e-06
205	X400x445L-3m1	614	44.9527687296417	0.008024397925730531	0.026444508683179553	8.170857209791918e-06
206	X402x456L-1m1	621	75.68115942028986	0.23245419188461727	1.8207629410870226e-37	3.542494631384911e-05
207	X401x522-1m1	619	48.18416801292407	0.43053076881084457	1.7834981513992486e-77	6.004725734655589e-05
208	X402x421-4m1	606	56.661716171617165	0.01094940492192459	0.009946707097072445	-9.692786894106908e-06
209	X402x429-2m1	562	53.362989323843415	0.5811904112307432	6.450456494968133e-108	-0.00011047530521096008
210	X402x483A-1m3	658	53.734042553191486	0.5487453419516425	1.8767786035553758e-115	-8.702969025632391e-05
211	X401x421-1m2	365	40.73150684931507	0.7948156462819189	6.690021342561177e-127	-0.00030760034702921433
212	X402x466-5m3	570	51.5859649122807	0.729307400644298	2.6069320620898586e-163	-0.0001266957877122423
213	X400x534-1m2	602	58.863787375415285	0.5284326768310094	5.171996796330914e-100	-8.672850161434849e-05
214	X573B-2x410L	361	42.26038781163435	0.21359343004436618	1.6735339148574696e-20	5.985636687294159e-05
215	X400x520L-2m1	629	43.95866454689984	0.22325213255623305	2.686377935480302e-36	-5.784492497689656e-05
216	X401x491-1m1	519	50.884393063583815	0.17403652858990393	2.8520502445364396e-23	3.596788600600758e-05
217	X402x458-1m3	406	58.423645320197046	0.5039014231912182	1.7823507705571868e-63	-8.906952028783522e-05
218	X402x432-1m1	443	60.941309255079005	0.005262548996128502	0.12736941462385262	-8.025755584012099e-06
219	X400x519L-3m1	537	54.22346368715084	0.20043485105392075	7.885177860718396e-28	4.959639677254945e-05
220	X446L-2x402	338	70.39940828402366	0.9292096634871243	2.817868365360307e-195	0.00032305425444062935
221	X400x521AL-9m2	496	49.58064516129032	0.8138723871851203	1.7484291602296107e-182	-0.00017913482807764596
222	X454-3x402	444	28.155405405405407	0.8008097137935533	5.824223753980685e-157	-0.00022639656144381062
223	X573B-5x410	678	64.57817109144543	0.5862088267984896	1.186812373787904e-131	0.0001052919891077863
224	X401x521-4m1	507	46.4930966469428	0.698701828373121	1.1862606629094956e-133	0.00013015226722154404
225	X402x515-4m1	622	73.71221864951768	0.048991978673061695	2.42643800957068e-08	1.2859877439865974e-05
226	X421-4x402	539	38.22820037105751	0.24809355755215112	3.8638135932285045e-35	-0.00010143977438432941
227	X400x571A-2m1	363	62.239669421487605	0.6262222327788041	3.8066308012915046e-79	0.00015510433170314754
228	X401x433-2m1	602	42.97176079734219	0.13630762136429586	7.058176217018145e-21	4.505736249116344e-05
229	X400x481AL-1m1	348	58.13793103448276	0.3805403426207268	7.213288061180368e-38	-0.00010280684940048496
230	X489-3x402	578	61.22491349480969	0.6766372000374135	2.4931038738373897e-143	9.528902115178483e-05
231	X440-3x402	447	39.785234899328856	0.867827272645249	1.1540206205818663e-197	-0.00018165691759656927
232	X400x498L-2m1	613	43.44045676998369	0.8553957948342147	9.501898524877108e-259	0.00012201640182708105
233	X401x420-3m1	578	61.3477508650519	0.00844750614023444	0.027135092196736307	6.079670423330582e-06
234	X400x468AL-2m1	488	54.55122950819672	0.46649502433527373	2.6158469003933704e-68	5.391147429943299e-05
235	X401x491-5m1	637	42.09576138147567	0.7236659699866991	1.681767298168237e-179	-0.00011121509687204104
236	X403x527A-1m1	609	75.23316912972085	0.31290064291453323	1.978529497890038e-51	-3.51013098408218e-05
237	X402x492-1m2	657	38.794520547945204	0.13019428679596876	1.23833160169949e-21	3.45559503494717e-05
238	X402x440-1m1	563	62.87566607460035	0.36941304106904715	3.721090943044038e-58	-4.3701466910629484e-05
239	X402x450-1m1	513	65.57309941520468	0.025186353260897087	0.00030779428523843645	1.840474086150956e-05
240	X400x571B-1m2	550	52.46	0.1885509726325931	1.0687685697874047e-26	4.151363785810302e-05
241	X402x492-1m3	591	49.50592216582064	0.5038862685659137	1.0315462424336471e-91	-0.00010640402680919101
242	X403x437-2m1	600	26.606666666666666	0.004376823116628974	0.10546505209034855	-7.238620937998239e-06
243	X403x4-1m4	633	55.0173775671406	0.502567021700758	9.337660016143186e-98	9.908280475318824e-05
244	X402x489-4m1	654	69.3211009174312	0.6305009609521187	4.328711959412604e-143	-6.453503172705535e-05
245	X429-1x402	164	41.3719512195122	0.03927314341843837	0.010967240091176658	-4.736193612633026e-05
246	X402x528-5m4	644	57.32298136645963	0.41097608892781223	7.994712868981042e-76	7.256807249674492e-05
247	X401x439-1m1	513	74.1598440545809	0.022205822928301006	0.0007096284886406312	1.2460819697042304e-05
248	X403x447-3m4	635	37.47244094488189	0.30297363948789807	1.4033869684361527e-51	5.176430850311584e-05
249	X402x459-3m1	586	79.5665529010239	0.0012814525790304488	0.3870443658568222	2.4144954009627726e-06
250	X401x475A-3m1	388	80.19845360824742	0.5589949110539048	1.2924018147397678e-70	0.00012930324991643915
251	X447-1x402	354	56.22598870056497	0.36042340726844696	4.8405418187685084e-36	-9.112759932733637e-05
252	X401x490-1m1	650	72.98307692307692	0.16069477821867492	1.736270520274759e-26	5.794880702516524e-05
253	X402x474-4m3	675	62.14962962962963	0.005761475168561131	0.048696079191242574	4.106562100658443e-06
254	X401x432L-3m1	702	56.25213675213675	0.11193700685441509	8.040675134726921e-20	1.5119382481123019e-05
255	X402x474-4m1	665	58.26015037593985	0.12764479888013092	1.8772006442894614e-21	-2.9181793490565816e-05
256	X402x422-1m2	292	13.606164383561644	0.7791827477526176	4.0636072232126966e-97	0.0003509551371432736
257	X401x422-4m1	405	54.20987654320987	0.006069298354544881	0.11749945395973693	-9.541668959801025e-06
258	X462A-1x402	469	37.21961620469083	0.1372940956695254	1.0388281301188516e-16	4.497482442236746e-05
259	X471A-2x402	439	48.21867881548975	0.22140539434032408	1.435434642518692e-25	-4.2643288814914345e-05
260	X573C-6x410	707	39.271570014144274	0.4113797480258453	3.4403576893321355e-83	7.740437726115211e-05
261	X402x459-3m3	542	48.05719557195572	0.3632693370305479	6.638819525446838e-55	0.00010819888004241806
262	X438-4x402	456	44.155701754385966	0.5103263294376523	2.1240893733949936e-72	-7.903906081393504e-05
263	X402x471A-1m3	366	4.396174863387978	0.7045184660289058	2.153631638288961e-98	0.0006025692047285427
264	X490-3x402	489	59.0838445807771	0.5252088244935222	8.421314795793353e-81	-8.808859560497306e-05
265	X402x417-2m2	544	42.82169117647059	0.6074806710120164	3.7914338464513863e-112	-0.00015387816033455453
266	X400x508L-2m1	587	53.82793867120954	0.3696647203613641	1.281496374810044e-60	3.6306276516914835e-05
267	X400x509L-2m1	399	55.81203007518797	0.16265049997794112	4.8775561616584007e-17	-6.683917986014554e-05
268	X568AL-4x402	648	58.97530864197531	0.6561312505859282	6.960731769189002e-152	4.6465067159453146e-05
269	X484-3x402	400	45.505	0.6769451470111308	1.0762421609673338e-99	-0.00016091224486709617
270	X4-2x484-4m4	514	53.190661478599225	0.11515560828241035	2.559238005545595e-15	4.198527032464976e-05
271	X437-3x402	283	42.40282685512368	0.7886071476671753	8.008418039872699e-97	0.00022719213491036882
272	X402x438-2m3	700	49.247142857142855	0.03620921149963254	3.9377893306161584e-07	1.5094949190143319e-05
273	X402x492-1m1	580	53.59310344827586	0.16488066666966958	1.9670592007180002e-24	3.66066177920939e-05
274	X401x520-2m1	570	52.47894736842105	0.3183214554131894	3.2220973395466794e-49	4.0557630543180635e-05
275	X402x440-1m2	620	72.3758064516129	0.6747580341754718	7.297792717613317e-153	-6.988280628391139e-05
276	X552AL-2x402	523	55.81261950286807	0.22039487850975042	5.037065872769968e-30	3.43583848043392e-05
277	X402x440-1m3	569	53.33567662565905	0.007547678850797423	0.03829250555618637	-7.233510713772879e-06
278	X401x420-1m1	577	70.09705372616985	0.061772961493343256	1.4265517752912471e-09	-2.018494284369829e-05
279	X400x571B-1m1	525	20.411428571428573	0.2966363356397779	6.949938865783112e-42	8.859430364497685e-05
280	X401x515-3m2	625	56.1264	0.35612988617167673	1.472754611802453e-61	-4.6297863118973e-05
281	X401Ex471A-2m1	577	54.61871750433276	0.27083754579566877	2.3203055717696737e-41	-7.440846351465946e-05
282	X400x481AL-1m3	433	51.36951501154734	0.5187342208726818	1.9055266012851293e-70	0.00018415520958145945
283	X400x3-6m1	614	57.31921824104234	0.851543506366932	1.1285352622704604e-255	0.00014450267499513562
284	X433-5x402	281	49.654804270462634	0.058718824443282476	4.038612146890864e-05	-3.7375307038769464e-05
285	X435L-2x402	270	62.42962962962963	0.04076190627990083	0.0008483451977061534	1.8349366163593292e-05
286	X402x417-2m3	585	22.64957264957265	0.605497559771369	7.513923618296403e-120	0.00016721990358139878
287	X402x439-4m1	440	57.9	0.25807515351226235	3.0276847257483343e-30	-8.5842511829331e-05
288	X403x494-1m3	628	54.85191082802548	0.03690220922240777	1.236818170110822e-06	-1.750271787855154e-05
289	X475A-5x402	352	50.79545454545455	0.8234437863407043	7.516936160324448e-134	-0.00018724357518036958
290	X480AL-1x402	465	45.55913978494624	0.4706287302074142	6.054197920370458e-66	8.708591916948895e-05
291	X569AL-2x400	690	65.67101449275363	0.6967193655671312	2.06897589425761e-180	6.845699504928328e-05
292	X481A-1x402	315	28.04126984126984	0.5380272879007202	1.9938732276702674e-54	0.0002128808374851923
293	X400x529A-1m2	545	42.52660550458715	0.0003865002522717792	0.6469892970693036	-1.4935308827527353e-06
294	X402x498-2m1	596	69.66778523489933	0.00031362403184936324	0.6661277005241582	1.15275359941649e-06
295	X402x488-2m1	591	80.89678510998309	0.05796072770813774	3.070687126365414e-09	-1.1955787917098418e-05
296	X401x442-1m1	562	63.57473309608541	0.12573634409101664	4.2912494114309096e-18	4.4397873714851264e-05
297	X402x478A-2m1	559	59.681574239713775	0.17159948714747644	1.3734928352837941e-24	-2.6167571412362663e-05
298	X402x456-2m1	602	86.25083056478405	0.00987016377905092	0.014745996286999253	7.72828154573111e-06
299	X402x418-1m2	703	56.2674253200569	0.0026313784117294892	0.17428308076915644	8.062472124881774e-06
300	X403x463A-1m4	412	32.88592233009709	0.6826245748077802	3.1639474039791467e-104	-0.00017487055209433304
301	X402x460-2m3	691	48.93487698986976	0.1657491132589038	5.708796247106897e-29	-2.545821730689352e-05
302	X491L-2x402	689	60.5355587808418	0.005587214952614916	0.049853459602449385	-6.5404349879079525e-06
303	X402x469A-3m2	725	57.253793103448274	0.12940534197729917	1.4314858808933502e-23	-2.3979673366124177e-05
304	X463A-2x402	581	77.07228915662651	0.07947962865679373	4.463660972856422e-12	-1.3469547592673414e-05
305	X401x519-3m1	591	66.51945854483925	0.6836544876992839	2.492037163596133e-149	-0.00014817361217795723
306	X402x463A-3m1	678	69.45427728613569	0.08459758554222274	1.0998315587576331e-14	2.1160087253385477e-05
307	X554A-3x400	449	69.28507795100222	0.04164747649693111	1.3112916433500366e-05	2.054031076321444e-05
308	X498-3x402	532	47.778195488721806	0.1665712587707206	9.014665252580557e-23	-6.149710145749952e-05
309	X402x487A-1m2	318	73.98113207547169	0.007016180077833427	0.13610855376077988	-1.0517493109317111e-05
310	X402x437-1m3	488	25.971311475409838	0.08944688220027525	1.5316834533664542e-11	3.965221137932961e-05
311	X402x480A-4m3	601	43.53910149750416	0.44692799891772383	4.468358576553159e-79	4.766403523709057e-05
312	X401x552AL-4m1	325	17.233846153846155	0.554570461850682	1.1265958714556253e-58	-0.00018288899522272747
313	X402x463A-1m3	549	61.91256830601093	0.6145108693068285	2.584090920837121e-115	-0.00013407204703421544
314	X401x4-2m2	397	52.214105793450884	0.4527521124621887	1.1627397597435465e-53	7.442538079937002e-05
315	X402x451A-4m1	642	47.0809968847352	0.2147798220429499	1.688531180581007e-35	-3.786561981801455e-05
316	X402x463A-1m2	596	80.25671140939598	0.000980648640567695	0.44541190000635744	-2.03131381390083e-06
317	X402x480A-4m2	614	78.51791530944625	0.7933566993179794	1.0379959990385102e-211	-0.00011774032108171043
318	X402x437-1m2	446	60.10762331838565	0.4875531185320556	1.8837412061673663e-66	6.71669465948987e-05
319	X403x3-6m5	613	63.07177814029364	0.43168849583872476	5.2046131058667725e-77	-6.628742807705523e-05
320	X402x529A-1m1	714	80.14005602240897	0.18634418525484264	9.008942433178253e-34	2.536206709633364e-05
321	X400x426L-2m2	457	37.57330415754923	0.003181995709072974	0.22876490952556783	8.233705901243941e-06
322	X402x534-1m1	381	36.821522309711284	0.17592970951109801	1.1473763286911697e-17	-5.2364005818605745e-05
323	X402x524-1m1	617	65.92220421393841	0.09576859151921123	3.683646469549959e-15	-3.434406669880738e-05
324	X401x485-3m1	615	55.04390243902439	0.16403870152822564	1.1145355056462829e-25	4.503786838581991e-05
325	X401x534-2m4	523	53.848948374760994	0.4274093885141631	4.417793040660079e-65	-0.00011664255731576793
326	X402x469A-3m3	652	68.78374233128834	0.08402479454689205	4.348503678725199e-14	2.1140130162148455e-05
327	X456L-1x402	503	51.91451292246521	0.03430714091702632	2.9153401244953814e-05	3.235614342210496e-05
328	X403x488-3m3	610	56.65901639344262	0.02662434359057055	5.146033535797353e-05	-2.0236649325057214e-05
329	X402x418-1m3	635	64.55905511811024	0.008915826400603141	0.017311107511793548	-1.085659843828566e-05
330	X401x516L-3m1	597	59.79899497487437	0.06541020075334	2.2729906175974763e-10	3.773028024688861e-05
331	X400x539-3m1	580	44.32931034482758	0.2590688793627973	1.5057732471772774e-39	5.7359204830342463e-05
332	X434L-1x402	353	27.78470254957507	0.44615166701380626	5.858904692217607e-47	0.00012850427021253783
333	X400x532-4m1	475	32.002105263157894	0.0030567691955776374	0.2290844925810663	-7.43887644900235e-06
334	X4-6x402	644	54.9860248447205	0.03451007292162643	2.069639435635281e-06	-1.2499201149026894e-05
335	X401x513-2m1	691	58.75832127351664	2.3466708159890827e-05	0.8988531178560122	2.388010731965607e-07
336	X402x418-1m1	600	60.46	0.625407464605584	1.2854951389232179e-129	0.00013149933142531672
337	X403x498-3m1	653	56.36140888208269	0.38422099074003674	1.4435485787236024e-70	9.261456657539957e-05
338	X402x456-2m2	587	69.42930153321976	0.8649883193945371	1.5246632492173914e-256	-8.340340809924827e-05
339	X402x494-2m1	708	60.398305084745765	0.04215946580039492	3.535687490297479e-08	-1.8218928031222803e-05
340	X400x505A-1m1	549	45.646630236794174	0.060228350357949684	5.660896583294074e-09	4.105334290221328e-05
341	X403x535A-1m1	543	55.98710865561694	0.4249206296072735	5.3244878190923774e-67	-8.994924898710282e-05
342	X402x469A-3m1	667	67.8215892053973	0.5062207979678681	5.4603062760283575e-104	-4.83513179255667e-05
343	X418-2x402	173	41.26589595375722	0.3026101703616404	4.528177383189566e-15	-0.0001213517175490399
344	X402x462A-3m2	692	50.176300578034684	0.39694864752814885	8.021854105270606e-78	6.204475505686622e-05
345	X402x447-4m1	672	66.74404761904762	0.085821965597944	9.133180386813944e-15	2.6654795920680443e-05
346	X400x568AL-1m1	543	43.11418047882136	0.4712049594324275	7.02873743580305e-77	0.00011841698647162865
347	X401x485-1m1	620	55.064516129032256	0.02292220126850775	0.00015428040294945887	-1.2163555149742384e-05
348	X402x472A-2m1	408	1.1176470588235294	0.007334963325183371	0.08402402281021472	8.988925643607077e-06
349	X402x487A-1m1	548	56.660583941605836	0.22612909907020162	2.882706747324269e-32	-5.5788715453455013e-05
350	X400x576-4m1	481	33.771309771309774	0.07025063819997622	3.5532550853914315e-09	2.630089540115288e-05
351	X447-4x402	415	50.23132530120482	0.7224422689526878	5.204293651287803e-117	-0.00018386474978506498
352	X403x538-2m1	515	48.96893203883495	0.44593881639717914	8.781063827692811e-68	-8.42251930850523e-05
353	X402x435L-2m2	687	47.87627365356623	0.0001760310754146564	0.7284885987285551	-2.052325408509584e-06
354	X486-1x402	675	69.85185185185185	0.14758531182590626	3.661387642077402e-25	3.117707578778292e-05
355	X402x451A-4m2	655	55.91297709923664	0.06520488343591502	3.28895119815844e-11	3.2487726404743684e-05
356	X402x480A-4m1	619	59.09208400646204	0.12752936816265623	4.685641257169326e-20	-3.0243544586778022e-05
357	X402x462A-1m1	659	40.10318664643399	0.0053395561659943195	0.06082252127269806	8.49010542203878e-06
358	X400x569AL-2m1	616	52.29545454545455	0.04451119261039481	1.2551693599615503e-07	3.422091771920534e-05
359	X402x437-1m1	351	32.03703703703704	0.8350791512237149	1.2125337953862028e-138	-0.00021828944736608435
360	X403x509L-4m1	600	53.431666666666665	0.12677947184663887	2.254707109336307e-19	2.7681188571712473e-05
361	X402x463A-1m1	592	52.332770270270274	0.48736741144432405	1.160021016035967e-87	4.7727997268541536e-05
362	X491-5x402	685	53.776642335766425	0.2644557333617229	1.6540877422336025e-47	6.482181866253863e-05
363	X402x524-1m2	641	47.50858034321373	0.7988829803987386	9.988658345904225e-225	0.0001573112912786313
364	X435-1x402	499	76.90781563126252	0.06334097429265319	1.1985981044670386e-08	-2.2302376876769434e-05
365	X402x462A-3m3	596	77.73489932885906	0.555427079982993	1.2051518835706297e-106	8.022259260694063e-05
366	X403x415-4m1	623	48.834670947030496	0.01397141027860221	0.003129474718963553	8.07545721412907e-06
367	X485L-3x402	340	56.26764705882353	0.20691201814932803	9.116182228856027e-19	5.380956241974511e-05
368	X466-4x402	233	65.58369098712447	0.7820237232003125	2.2845579331572756e-78	-0.00023897126608771158
369	X421-1x402	499	48.85370741482966	0.8674108234809808	3.3694132203880815e-220	-0.00020644286342778054
370	X402x460-2m1	629	48.32432432432432	0.18170620464855136	3.6935578487370415e-29	2.837654133792332e-05
371	X402x456-2m3	547	23.815356489945156	0.8042138109633775	3.901873497394104e-195	0.00019137931095647735
372	X485-5x402	351	57.267806267806264	0.003371031904425128	0.2780102703943246	-5.648601880396317e-06
373	X539-1x541A-1	444	1.5968468468468469	0.0004056221787529724	0.6721317610814658	9.198776984811945e-06
374	X492-1x402	620	61.406451612903226	0.05044556821177468	1.5710337205260764e-08	1.4828806559784043e-05
375	X400x532-4m2	602	37.65448504983389	0.6492602574944849	1.2635105090851276e-138	0.0001636609668614543
376	X402x475A-1m3	516	54.810077519379846	0.4788476697077971	9.229137554287095e-75	8.863722071229408e-05
377	X402x486-3m1	476	52.134453781512605	0.9112543111780438	1.9715824526316724e-251	-0.00020172478363334677
378	X402x454-3m2	681	61.57415565345081	0.4235004022345891	2.9028055154019765e-83	-5.723814814997773e-05
379	X401x4-6m1	691	60.206946454413895	0.0796196162026163	4.0919609958932966e-14	2.0328047266686688e-05
380	X432-2x402	284	37.34507042253521	0.6382190006754849	3.2653847028412075e-64	0.00020393979238104938
381	X403x555A-3m1	527	33.33586337760911	0.0007316760484673264	0.5355208541796568	4.0187019718546704e-06
382	X402x484-4m2	545	58.97981651376147	0.13467275375600352	8.113254168086584e-19	3.514846272126723e-05
383	X403x507A-2m1	594	61.052188552188554	0.7211968472335715	2.4797057615805285e-166	-0.000117014207033555
384	X450-1x402	371	39.17250673854448	0.08155965062649015	2.1527108313325365e-08	4.035800190270921e-05
385	X400x572B-4m1	481	30.841995841995843	0.44714572748327674	1.231593280229314e-63	-8.96740901855226e-05
386	X400x537A-2m1	603	54.87893864013267	0.5612567652125301	1.3225596302323757e-109	-0.00010281579619013643
387	X417L-1x402	411	38.51581508515815	0.8022113576518419	5.206961379290706e-146	0.0001984237780691856
388	X418-3x402	339	44.094395280235986	0.036764610006152186	0.0003848173826853954	1.4228198702177437e-05
389	X400x422-1m1	428	52.58177570093458	0.6537980699048169	3.596691285970185e-100	0.0002258231653823953
390	X403x474-1m1	438	33.11187214611872	0.001388242294202204	0.4366766190848641	6.081928318174023e-06
391	X466L-2x402	102	23.176470588235293	0.25747162928584233	5.243426539325347e-08	-8.960042087880298e-05
392	X487A-1x402	545	57.03302752293578	0.004316135384451313	0.12555876873442468	-6.176917391999112e-06
393	X402x525-1m2	690	72.29710144927536	0.02702848719010867	1.4231378756452698e-05	-1.2799033948342756e-05
394	X401x4-2m4	599	56.42237061769616	0.21639851463144194	1.7021160371685142e-33	-3.673162275715266e-05
395	X401x445-2m1	721	58.80859916782247	0.06188433146456059	1.2448311919785313e-11	-3.297673222146963e-05
396	X466-5x402	315	44.593650793650795	0.19205426808163506	3.249395876140509e-16	-3.9503217714848555e-05
397	X422-4x402	534	50.3876404494382	0.8035131638139448	4.1000136278725273e-190	-0.0001444656186021143
398	X439-3x402	405	62.35061728395062	0.1803161112478253	3.681329429266494e-19	5.231826966834588e-05
399	X402x426-1m1	568	42.87323943661972	0.40939256417716224	9.90297202639108e-67	5.929656351532401e-05
400	X400x575-1m1	420	32.00476190476191	0.47837198178726836	4.7700098650849314e-61	-0.0001949937808895331
401	X403x518L-3m1	669	51.22272047832586	0.4532620326804326	1.6223128473951612e-89	5.2398576479913734e-05
402	X400x415L-1m1	578	44.674740484429066	0.3940689676650253	1.1494408591599682e-64	7.76065340865801e-05
403	X401x434-3m1	583	43.125214408233276	0.41373131207085984	2.1996210525923512e-69	-8.994554700219124e-05
404	X402x454-3m3	651	73.27649769585254	0.19443029429002928	2.3933777010416677e-32	-4.457451924454718e-05
405	X403x515-3m1	473	44.55602536997886	0.6270393309541441	6.20371837195828e-103	-9.288652585907311e-05
406	X402x475A-1m2	547	52.144424131627055	0.5101152450000439	1.6964604216337662e-86	9.802799283880263e-05
407	X403x475A-5m1	495	68.52727272727273	0.10839527747835823	5.6019317743687607e-14	3.2567368866337026e-05
408	X400x446L-2m1	646	32.462848297213625	0.06817784551200501	1.5739649056568035e-11	-2.189235590729393e-05
409	X401x505AL-1m1	642	66.46728971962617	0.4652946328753835	4.5782166059047955e-89	-5.071685898050319e-05
410	X445-2x402	498	45.7289156626506	0.7322519323471559	4.982707296119579e-144	8.60275972863995e-05
411	X463A-3x402	656	53.0030487804878	0.32340447487676377	1.8003649795045668e-57	-5.158797289061429e-05
412	X403x487B-2m2	367	0.9809264305177112	0.6405462438720209	4.1822658316983095e-83	-0.0014066458082880654
413	X555A-4x401	599	66.49749582637729	0.00051508030793023	0.5793265286586748	2.98223316891911e-06
414	X401x511-3m2	507	64.14595660749507	0.5151619488886897	2.0252141556527783e-81	-8.227457827801089e-05
415	X400x533A-8m3	682	44.29178885630498	0.5994913919364516	3.049584530195895e-137	-6.857085316345324e-05
416	X552AL-6x402	580	67.6603448275862	0.07345118017795377	3.189688042007957e-11	1.6323383156873592e-05
417	X402x426-1m3	671	53.055141579731746	0.000970397173563044	0.42046123681072367	-2.830924028857468e-06
418	X402x462A-3m4	606	49.48844884488449	0.22214310075917382	7.711927345543994e-35	4.782939957664773e-05
419	X403x498-5m1	481	51.04158004158004	0.643743837992148	2.012713784964863e-109	-9.818427464470525e-05
420	X402x468A-5m1	361	58.29085872576177	0.5775809022842276	3.659104211206659e-69	-6.885896746419962e-05
421	X494-1x402	612	58.78431372549019	0.42860647464304474	3.6090914522948927e-76	-5.679753559851886e-05
422	X400x537A-2m2	387	44.18346253229974	0.3525234268231275	3.118370854836882e-38	-0.00010939239715222562
423	X401x460-3m1	645	47.542635658914726	0.0025413279570198487	0.2010290934117886	7.690177639988012e-06
424	X474-4x402	574	52.508710801393725	0.08451691768071677	1.2126369530639354e-12	-2.3658547468249916e-05
425	X498-2x402	642	60.66043613707165	0.2709087352442656	7.424605360901194e-46	3.487330841661882e-05
426	X403x439-3m1	501	59.35928143712575	0.144708366614869	1.0713788308425152e-18	-5.5760553062107885e-05
427	X400x511L-4m1	495	54.89090909090909	0.6521091692721511	4.105485710903134e-115	-9.731806876506624e-05
428	X415-3x402	404	41.777227722772274	0.00015752107872451355	0.801431412248061	1.1047492516350725e-06
429	X554A-2x400	294	40.8469387755102	0.8880959490571707	6.698058651894676e-141	-0.0004205768780895318
430	X400x459-3m2	652	40.11656441717791	0.39138143484978666	4.0754460830987045e-72	-0.00011454931532177478
431	X402x525-1m1	670	44.12985074626866	0.4234193839404124	6.344221261803248e-82	4.85733894613349e-05
432	X400x517L-1m1	604	51.20198675496689	0.4315223726661169	7.281893013000231e-76	7.386300635993434e-05
433	X440L-2x402	318	45.5251572327044	0.8427909445817123	5.396259542482324e-129	0.00018506580595009157
434	X402x529A-1m4	604	52.30298013245033	0.56424404853777	1.1166471306699705e-110	-9.350073686855712e-05
435	X401x484-3m1	648	56.23456790123457	0.08685349356229664	1.883863160678142e-14	1.9506154066032765e-05
436	X403x498L-2m2	582	61.876288659793815	0.3941927400220504	3.963168593985947e-65	-4.138410462678013e-05
437	X400x570AL-4m2	614	36.24918566775244	0.36590789228914355	1.5279256567197993e-62	-8.517366618206113e-05
438	X401x435-5m1	587	54.6473594548552	0.023051235375894905	0.00022245848280051135	1.2502664761297288e-05
439	X400x421-2m1	585	33.07008547008547	0.2732772855206657	2.441471223528326e-42	-8.588160136226714e-05
440	X403x533A-2m1	601	44.47920133111481	0.3327483013657946	1.3344792829821087e-54	-6.78099783526532e-05
441	X470-2x402	447	36.711409395973156	0.12003407635029022	4.727846828487638e-14	3.2937197474344534e-05
442	X434-3x402	426	50.14553990610329	0.4098826043354446	1.656380549307308e-50	6.196638869807218e-05
443	X402x426-1m2	661	57.64447806354009	0.09741173993641047	2.118302970157853e-16	-3.33786862842536e-05
444	X451AL-1x402	329	63.744680851063826	0.8123236559388765	7.791554187682002e-121	0.00016926448741588464
445	X420-3x402	201	40.308457711442784	0.9072354064610961	1.0651744964402876e-104	-0.0003452471660967752
446	X400x533A-8m2	555	43.11171171171171	0.593694561010189	3.0961329033249605e-110	0.00012033800080270687
447	X401x4-4m1	495	55.717171717171716	0.1274496130914989	2.5216015206762653e-16	3.223692555763449e-05
448	X400x532-4m4	651	38.32872503840246	0.24869313546630972	3.1517970330337437e-42	-3.4183056446713495e-05
449	X402x475A-1m1	533	39.68292682926829	0.05192105499316781	1.0470056086953835e-07	-2.609728288805782e-05
450	X445L-3x402	471	61.45647558386412	0.37448812248083113	9.888156083479511e-50	-7.318629631333638e-05
451	X400x483A-3m1	569	41.10896309314587	0.2372561891611088	3.0852287523817317e-35	4.164975512036353e-05
452	X402x481A-2m1	294	62.61904761904762	0.4157904390621181	5.97602561574473e-36	-0.00013187704264328265
453	X400x572C-5m1	608	45.02138157894737	0.6465786409252773	5.464375099039717e-139	-6.64890515657677e-05
454	X402x485-5m2	577	72.31195840554592	0.21414761515253727	5.812614127615021e-32	5.644628447166591e-05
455	X402x534-2m1	486	56.565843621399175	0.01860481726870518	0.0025839455121491072	8.13974990528908e-06
456	X571B-1x402	584	60.11472602739726	0.3799452179857038	2.115310185240949e-62	-0.00011382586444752001
457	X402x478A-5m4	578	52.06055363321799	0.038380687839981574	2.0762045630582367e-06	-2.422722821532148e-05
458	X400x539-4m5	534	45.46441947565543	0.44825917553629985	1.0317203562272937e-70	-5.838373946854239e-05
459	X403x433L-2m1	451	46.19733924611973	0.40377892096603507	2.2389143207084294e-52	0.00010818819131856036
460	X403x481A-3m1	363	49.04683195592286	0.4606963623779177	2.430571615915439e-50	0.00010532284683749906
461	X401x483A-2m1	592	52.832770270270274	0.025101145486115403	0.00010830961209671038	-1.4737087222503569e-05
462	X403x438-2m2	368	30.3125	0.32836565825935066	1.6774988889486507e-33	-0.000153109254034835
463	X401x4-1m2	576	57.314236111111114	0.1943815360943213	8.590880503402229e-29	-5.391009803194651e-05
464	X418-1x402	251	57.68525896414343	0.34899043183373823	5.253576813839139e-25	-9.643658454330311e-05
465	X402x458-2-3m2	417	55.115107913669064	0.001942517157451101	0.36931822608720377	-6.985055639491225e-06
466	X402x445-2m2	513	68.89668615984405	0.3892937704542314	1.07454779804435e-56	-5.479449488694818e-05
467	X402x468A-2m1	436	61.10091743119266	0.2232057368727799	1.263560706021265e-25	5.0991452199655535e-05
468	X454L-1x402	259	45.366795366795365	0.0933716383321742	5.322536059016758e-07	-4.730806992953114e-05
469	X481AL-1x402	217	19.092165898617512	0.2619620816759628	6.903769176304983e-16	-0.00011300704346875656
470	X478A-3x402	563	31.852575488454708	0.12841223863285794	1.6793638154718841e-18	-3.5832954802288806e-05
471	X401x513-3m1	653	73.12557427258805	0.06191070140635517	1.1350863803466748e-10	2.2603913878863772e-05
472	X402x552AL-1m3	522	41.837164750957854	0.6006516118988262	1.0124420539551206e-105	-0.00013208892422291994
473	X492-2x402	610	75.24098360655738	0.010162260075750783	0.012737826754370804	1.0660836106760327e-05
474	X400x577-1m1	510	25.541176470588237	0.6666746068533798	2.7860338966117465e-123	0.0002685412408810731
475	X402x494-1m2	663	69.61387631975867	0.7814097780361199	1.963401980934373e-220	-0.00010400831718519857
476	X401x494-4m1	518	46.8938223938224	0.37643259704452414	6.856485290166556e-55	7.737606510998212e-05
477	X400x532-5m2	561	50.253119429590015	0.40136678345710497	2.7641958446513982e-64	6.363360778189006e-05
478	X401x484-4m1	518	60.73166023166023	0.03887161003831894	6.158659189270604e-06	2.8078231570122125e-05
479	X402x479A-1m1	631	53.36767036450079	0.43266587130532436	1.844187607242021e-79	-6.933689823688532e-05
480	X402x445-2m3	607	71.64579901153212	0.8190314117233529	9.528888330785639e-227	-0.00014439191267924385
481	X457-1x402	430	61.890697674418604	0.5207870196789053	2.289942698893545e-70	-0.00010602679534619434
482	X489-5x402	576	38.373263888888886	0.146708593973063	1.4445502426586408e-21	3.082267052817444e-05
483	X572B-4x400	657	80.01065449010655	0.017254963374534978	0.0007376272640605464	1.2248102921457029e-05
484	X402x458-2-3m3	321	24.635514018691588	0.20703580971255098	8.271612922274917e-18	-0.00016443764647890738
485	X402x457-1m4	681	51.602055800293684	0.00543848727540431	0.05440964932710924	6.475011908550509e-06
486	X400x474L-2m1	577	51.487001733102254	0.43860554218572956	4.116298738540403e-74	-9.478814204319135e-05
487	X402x434-1m1	603	64.96849087893864	0.002763302551761993	0.19737921205411998	5.451439287010967e-06
488	X402x451A-5m2	679	64.73048600883652	0.05084763805096543	2.8206467160418428e-09	1.477377999893487e-05
489	X486-2x402	498	87.20883534136546	0.24788177151046056	1.4900722878204625e-32	3.787140463059324e-05
490	X439-1x402	286	40.4020979020979	0.3679221049229094	3.970774423194941e-30	-0.00013677285089588312
491	X468A-5x402	379	52.071240105540895	0.33633164873918453	1.9304062153796102e-35	0.00011208204120800766
492	X400x539-4m6	473	60.088794926004226	0.009604428892607028	0.033097458066166874	6.631504728925599e-06
493	X402x424-1m3	557	35.22082585278277	0.1829711349835004	3.474324954371913e-26	-4.665315355233943e-05
494	X415-1x402	455	37.63516483516484	0.3957628535680966	1.648045642895693e-51	-0.00013424972673186798
495	X401x519-2m1	606	61.2970297029703	7.64070618373426e-09	0.9982866535459336	6.23389193247036e-09
496	X400X440L-2m1	478	41.78033472803347	0.5950888530749862	1.6850699941478836e-95	-8.769008806802664e-05
497	X403x433-5m1	693	23.213564213564215	0.344468338959832	2.215126090229146e-65	0.00010405809458790074
498	X427-3x402	390	60.325641025641026	0.25830251803831655	5.272773130266978e-27	-5.9684380125175924e-05
499	X402x427-2m1	421	80.34679334916865	0.004386060020227676	0.17499719238788153	1.0901327364623761e-05
500	X400x466-4m1	481	46.96049896049896	0.00440727526366353	0.14600084307368155	6.9690637520084675e-06
501	X459L-1x402	279	59.31182795698925	0.6258929160358104	4.37591871093696e-61	-0.0003289073725117277
502	X401x4-1m1	640	56.903125	0.012427967271177428	0.00474937688329495	-1.0212738746930653e-05
503	X403x498-2m2	455	76.4065934065934	0.46357644933384473	2.9717890644994135e-63	7.571744704928563e-05
504	X402x458-2-3m1	489	57.809815950920246	0.3116990851678598	2.0331653149180605e-41	8.974794710671419e-05
505	X400x574-2m1	482	19.34439834024896	0.7483363080411719	6.617250750899347e-146	0.0002479478042869534
506	X402x484-3m2	678	65.80678466076697	0.8740213706076908	2.6079419330618368e-306	0.00012496461622959706
507	X400x570AL-1m2	351	33.08262108262108	0.8509764839676425	2.5003723025639115e-146	-0.0002078511801589535
508	X463A-1x402	554	52.691335740072205	0.09323331134579249	2.029763524957393e-13	-3.6719429389334946e-05
509	X400x577-3m1	463	26.406047516198704	0.0013201734506503094	0.4354127783794641	3.7083392652722175e-06
510	X402x479A-1m3	474	66.35443037974683	0.7636784522153518	5.88551914210646e-150	0.00010890992741807632
511	X433-3x402	196	55.84183673469388	0.7893681911897897	1.5490816549378522e-67	-0.00022219921454907216
512	X402x468A-2m2	472	50.80508474576271	0.11505910805757301	3.574712387077919e-14	4.097240512768009e-05
513	X403x521-3m1	604	61.620860927152314	0.020732056169900436	0.0003854502713831845	-8.209073383664987e-06
514	X552AL-4x402	541	62.49722735674676	0.20909995668668035	2.609474361013604e-29	-5.409136444888801e-05
515	X401x484-4m3	573	68.77137870855148	0.3311192943521943	7.924404678014076e-52	6.396583638556762e-05
516	X400x429-1m1	560	52.24821428571428	0.7152870525457706	2.401561405751357e-154	0.00016317968208414665
517	X427L-1x402	422	46.95734597156398	0.0008709066448970786	0.5454647850530531	6.218811732750996e-06
518	X401x516L-2m1	698	56.70057306590258	0.010604977062291056	0.006467667712525166	-1.0549564147435174e-05
519	X402x494-1m1	504	43.75396825396825	0.7096165233455941	6.783521449620198e-137	0.0002273892166084655
520	X456-2x402	320	26.184375	0.10607565684597801	2.418953505361943e-09	7.24415120624883e-05
521	X402x468A-2m3	513	49.23196881091618	0.07506043071988559	2.7663261753130634e-10	-1.681620671722165e-05
522	X401x525-1m3	639	54.140845070422536	0.005804548453091267	0.0542379034806514	5.343478996903355e-06
523	X469A-3x402	456	27.335526315789473	0.610603169504209	4.997649200408247e-95	-0.00016089605127303077
524	X402x479A-1m2	381	38.94225721784777	0.6501119920831528	1.9045175866203233e-88	-0.00011680320389872535
525	X403x520L-1m1	502	46.06772908366534	0.8285049221406674	1.4316155364753848e-193	-0.0001228257097139504
526	X402x484-3m3	566	52.84452296819788	0.19321885361139834	3.846405555431037e-28	-9.480990018683585e-05
527	X403x498-2m3	646	60.04643962848297	0.013876171351455401	0.0027118504326002603	1.3319816530512455e-05
528	X438-2x402	599	30.76627712854758	0.044461803697460306	1.902979237485341e-07	1.646653530015453e-05
529	X403x538-1m1	597	59.869346733668344	0.1998867975934296	1.118908635160247e-30	4.7608282233372485e-05
530	X400x474L-2m2	613	46.59216965742251	0.11066793130715472	2.631783038219983e-17	4.245720531954259e-05
531	X490-5x402	634	58.08832807570978	0.5544372008270944	4.8323085830532305e-113	4.661203191691312e-05
532	X401x505AL-4m1	471	47.98726114649681	0.03039446671931872	0.0001431108088734234	1.4571226657118104e-05
533	X434-1x402	258	18.507751937984494	0.02599576390351431	0.009481436504215119	3.7232495902149516e-05
534	X403x468A-2m4	647	67.68160741885626	0.7861070240000103	3.447047571845441e-218	8.693126014784651e-05
535	X402x451A-5m1	478	56.56485355648535	0.01833863530090512	0.003010674541059779	-1.7080324054001568e-05
536	X427-2x402	378	68.11640211640211	0.7357350059488205	1.0561774781242854e-110	0.00014875936026595172
537	X403x432-5m1	607	63.95881383855025	0.3279203243509778	3.518236488936693e-54	-9.261667615567199e-05
538	X451A-1x402	219	38.009132420091326	0.8859714570427707	2.7875201624758692e-104	0.0002296756595995127
539	X400x539-4m3	571	17.63572679509632	0.26988653327824885	8.732242081860753e-41	-0.00014007567789379552
540	X402x478A-5m2	568	60.190140845070424	0.48260637801050543	4.944138430666355e-83	6.769340062714667e-05
541	X494-2x402	585	49.986324786324786	0.4624758362287107	1.2489099798765042e-80	8.687395701779926e-05
542	X403x498-4m1	513	53.580896686159846	0.6113549088146615	6.090782691994952e-107	5.794944440900152e-05
543	X488-1x402T	659	60.41122913505311	0.12550842889245073	6.395915626127769e-21	-4.337869430778369e-05
544	X401x445-1m1	618	41.55016181229774	0.1475575798860331	3.6589782298841116e-23	3.57955700892445e-05
545	X552AL-5x402	636	63.435534591194966	0.06568830023448946	5.353696946473585e-11	1.7656425484022918e-05
546	X402x457-1m3	699	57.08011444921316	0.19835893904803542	2.3226313281397884e-35	2.3919305091070743e-05
547	X402x451A-1m1	673	48.65230312035661	0.1083675334852572	1.7913122996236886e-18	-3.583847346916763e-05
548	X402x447-3m1	670	65.68358208955223	0.026949349211414175	1.9519982548449666e-05	-1.0234909472434502e-05
549	X400x575-2m1	462	33.45887445887446	0.6070353491597852	2.395594377716291e-95	-0.00023292558063539077
550	X402x486-2m2	572	53.06643356643357	0.012105146616836789	0.008447992606364405	1.1191231687520711e-05
551	X433-2x402	363	77.67493112947659	0.22922436305331265	3.3831492847083054e-22	-5.167054157350913e-05
552	X445-1x402	541	46.373382624768944	0.09237458160051518	5.028645252266187e-13	-5.0559283722186283e-05
553	X570AL-4x400	623	61.64365971107544	0.6742559353734299	2.1808591940425915e-153	-0.00010208021262953614
554	X469A-2x402	506	46.316205533596836	0.002458067764724226	0.2656326993625648	-9.158337473298558e-06
555	X402x486-2m3	650	62.52	0.3437416423332068	2.8764251134121943e-61	3.70464788028206e-05
556	X456L-3x402	157	38.89171974522293	0.27027785743385274	3.0040076129376885e-12	-0.00014042891898737378
557	X401x524-1m3	577	48.327556325823224	0.6771145759099833	2.868498474152868e-143	9.335070331308203e-05
558	X401x491L-2m1	565	54.32389380530974	0.38647260164361347	1.0162067589530566e-61	-7.671495847250049e-05
559	X403x529A-2m1	604	64.57615894039735	0.4854831915725549	6.300649290553372e-89	6.039317151473124e-05
560	X401x552AL-3m3	133	30.721804511278197	0.4903731126701108	6.590362675462103e-21	0.00017264605583447646
561	X403x415-3m1	622	42.250803858520904	0.02462551605951481	8.487319884561185e-05	1.448158318024651e-05
562	X401x552AL-1m1	468	54.60042735042735	0.8531969676187174	2.8254726898743834e-196	0.00015918322770090842
563	X415L-1x402	498	44.24096385542169	0.018535998772437907	0.002328364677036708	1.195555632171946e-05
564	X402x478A-5m3	508	74.24803149606299	4.399768933930745e-05	0.8814468865178116	5.312891310262534e-07
565	X4-4x400L	486	43.13168724279836	0.6196610367652592	1.158796621834765e-103	0.00011490238685663671
566	X401x505A-2m1	560	56.941071428571426	0.07785361458602859	1.7914567532470793e-11	-2.41687727429675e-05
567	X401x418-3m1	357	36.99159663865546	0.694194712296294	2.353590787597711e-93	-0.0001534302916567514
568	X400x532-1m2	482	40.14107883817427	0.7914582443261678	1.6518410925431796e-165	0.00011495717432588656
569	X3-6_tillerx402	589	60.117147707979626	0.8660988214358555	1.8186941891836427e-258	0.00012678612399277461
570	X403x441-3m1	635	45.3984251968504	0.00236803130893467	0.22073958269189162	7.973835455953022e-06
571	X426-1x402	457	60.83369803063457	0.008062109715969944	0.055099099443366883	-4.724662848639171e-06
572	X400x417-3m1	603	39.38805970149254	0.7928358321711446	1.3034422718036548e-207	0.00020153447116917132
573	X402x535A-2m1	605	58.16694214876033	0.05738212808157048	2.4173144289464398e-09	3.3015306436660804e-05
574	X450-2x402	375	62.91733333333333	0.7396280320185824	4.888821927090981e-111	0.00012368413159558736
575	X432-1x402	277	50.63537906137184	0.8582779172434712	1.090099818807898e-118	0.0002248565359224899
576	X403x433-3m1	614	73.08631921824104	0.35670687871900975	1.270838913984845e-60	4.5202149520023036e-05
577	X458-2-3x402	291	11.824742268041238	0.5046200377123022	5.454866660806476e-46	-0.00028203899502365746
578	X402x447-3m2	561	72.68449197860963	0.06037050152179867	3.6957028262059694e-09	3.3261118510370576e-05
579	X478A-2x402	586	30.235494880546074	0.013603044405175235	0.004698790997682643	-1.971269951218147e-05
580	X403x487B-3m1	134	1.0	0.2989054578161185	8.260736363343644e-12	-0.0011217928735603518
581	X401x437-3m1	577	50.54072790294627	0.22638814174220473	6.199430294589739e-34	-4.309362608104774e-05
582	X402x447-3m3	664	40.36144578313253	0.23848850125983037	4.3197579714418926e-41	-7.04927252480608e-05
583	X403x463A-2m1	646	48.30030959752322	0.2382109815880336	5.721363079525061e-40	4.405811560364294e-05
584	X489-4x402	335	31.053731343283584	0.07263825085647424	5.515440836374643e-07	-2.705760876521651e-05
585	X492-3x402	608	76.9095394736842	0.20576855441049122	3.428347891329522e-32	-4.160641125339989e-05
586	X402x433L-2m2	395	65.36962025316456	0.000888639179376839	0.5547102333788787	-2.322832819180942e-06
587	X402x447-1m1	687	54.16302765647744	0.16884769904337915	2.278977433832708e-29	-2.9773803280686845e-05
588	X400x568AL-4m1	544	48.47242647058823	0.14595951930353376	2.391846178422816e-20	3.245012966462084e-05
589	X403x492-1m4	657	37.13089802130898	0.14752003995713886	1.601610755126136e-24	3.4294454853037e-05
590	X486-3x402	398	68.01005025125629	0.7969333269666747	3.666765172470895e-139	0.00018684410102690633
591	X3-6x402	498	50.45381526104418	0.17355476279291496	2.507817522268536e-22	-6.054031328637094e-05
592	X400x539-4m1	627	33.86124401913876	0.6552992605046754	1.111565672484878e-146	0.00023126536139368942
