	File_Name	Total_Kernels	Percent_Transmission	R-Squared	P-Value	Slope
0	X440-1x402	455	38.505494505494504	0.578430511241959	5.305e-87	-0.00011
1	X402x467B-3m1	415	3.1325301204819276	0.0	1.000e+00	0.0
2	X402x441-2m3	494	84.42914979757084	0.7763908209191939	3.845e-162	-0.00012
3	X402x439-1m2	653	51.05972434915773	0.4053475349074651	1.632e-75	7e-05
4	X402x517-4m1	692	67.66184971098266	0.0015967728360376224	2.939e-01	-0.0
5	X402x4-1m3	651	57.665130568356375	0.1417003414875581	2.409e-23	-3e-05
6	X400x485L-3m1	481	47.67775467775468	0.20925986565961685	2.999e-26	-7e-05
7	X479A-1x402	430	42.967441860465115	0.028625093948355718	4.257e-04	1e-05
8	X400x552AL-11m2	469	3.2260127931769724	0.009038083091891275	3.959e-02	1e-05
9	X402x489-3m3	512	73.798828125	0.5935709354554696	8.948e-102	0.00012
10	X401x466-1m1	514	68.7976653696498	0.3005395089538191	1.163e-41	-5e-05
11	X403x505A-2m2	686	61.84839650145773	0.0195547554156057	2.388e-04	2e-05
12	X402x423-2m3	585	84.31452991452991	0.06110477778489355	1.358e-09	-2e-05
13	X573B-7x410	621	23.428341384863124	0.4253776398015199	1.658e-76	0.00012
14	X400x554A-4m3	394	0.0	0.0	1.000e+00	0.0
15	X402x449A-1m1	624	39.09935897435897	0.5334198232593564	4.751e-105	-0.0001
16	X403x486-1m1	531	64.71751412429379	1.3985813370913171e-06	9.783e-01	0.0
17	X422-2x402	399	32.97744360902256	0.07102412142983	6.490e-08	4e-05
18	X401x440-3m1	347	48.36599423631124	0.49838412414334227	1.249e-53	-9e-05
19	X400x552AL-3m2	379	5.6596306068601585	0.08072028341565651	1.810e-08	2e-05
20	X400x554A-4m2	222	1.3018018018018018	0.4190101615801936	9.440e-28	8e-05
21	X402x423-2m2	476	79.93697478991596	0.027755447877141935	2.615e-04	-1e-05
22	X401x469A-2m1	674	57.5919881305638	0.040144213183213755	1.560e-07	-1e-05
23	X447-3x402	645	47.72403100775194	0.5545192442182844	5.293e-115	-7e-05
24	X400x552AL-11m3	272	0.8713235294117647	0.056097275507703645	7.997e-05	3e-05
25	X402x489-3m2	582	69.83676975945018	0.11690588537010212	2.102e-17	-3e-05
26	X498L-2x403	601	72.00166389351081	0.0338838823497228	5.568e-06	-2e-05
27	X417-2x402	455	35.90769230769231	0.2383669053460391	1.252e-28	5e-05
28	X402x421-5m1	526	58.4828897338403	0.44214476063966096	2.027e-68	-0.00015
29	X4-1x402	435	43.763218390804596	0.40773577691601826	3.361e-51	-7e-05
30	X401x521-1m1	603	47.53897180762852	0.47700987052990146	1.201e-86	0.00018
31	X400x454L-1m1	538	28.226765799256505	0.6243864040921603	4.673e-116	-0.00014
32	X402x439-1m3	502	48.322709163346616	0.05292044404404631	1.874e-07	-2e-05
33	X402x441-2m2	557	68.69658886894075	0.8529630302968353	3.349e-233	-0.00011
34	X403x4-2m3	656	52.519817073170735	0.020343868860239065	2.474e-04	-1e-05
35	X402x490-3m1	478	30.05857740585774	0.028530497940532043	2.073e-04	-2e-05
36	X401x3-6m4	655	43.908396946564885	0.696391793928075	3.532e-171	-0.0001
37	X403x552AL-7m1	489	7.431492842535787	0.7799869465903085	3.147e-162	0.00011
38	X401x517-1m1	395	54.617721518987345	0.7178396699570151	4.994e-110	0.00012
39	X403x4-2m1	695	54.71798561151079	0.08763717281932991	1.592e-15	2e-05
40	X570AL-1x400	478	56.01673640167364	0.7963055392026501	1.410e-166	-0.0001
41	X400x485L-3m2	539	38.430426716141	0.0029329679516078688	2.094e-01	1e-05
42	X441-2x402	563	50.19538188277087	0.25484711640186475	9.699e-38	-7e-05
43	X488-2x402	631	33.90491283676704	0.414816680173565	3.205e-75	-6e-05
44	X402x421-5m3	502	63.97011952191235	0.8196937700329926	3.962e-188	-0.00012
45	X437-1x402	441	37.86621315192744	0.2046482408257894	1.242e-23	7e-05
46	X400x515L-3m1	423	49.04491725768322	0.04950281451890555	3.828e-06	-2e-05
47	X400x514L-3m1	483	48.53830227743271	0.001670166278612766	3.701e-01	-1e-05
48	X400x552AL-11m1	392	0.39540816326530615	0.7684825552004073	5.712e-126	0.00021
49	X400x429L-1m1	506	49.65217391304348	0.38178969231084514	1.332e-54	7e-05
50	X401x438-2m1	534	40.93258426966292	0.30776593877629943	1.996e-44	-5e-05
51	X401x420-4m1	521	61.44529750479847	0.6737434616602068	2.501e-128	0.00017
52	X462A-3x402	500	46.424	0.1014948996204538	2.945e-13	3e-05
53	X402x537A-1m3	563	46.257548845470694	0.21304978301164174	4.714e-31	6e-05
54	X490-1x402	593	54.20910623946037	0.0031568860905438314	1.718e-01	0.0
55	X400x463AL-1m1	389	41.498714652956295	0.7646198462019543	1.268e-123	0.00022
56	X400x485-5m1	564	54.29964539007092	0.1265056225747543	2.916e-18	-4e-05
57	X400x534-2m2	517	57.55125725338491	0.41060119859450794	4.152e-61	9e-05
58	X402x449A-1m2	552	47.23007246376812	0.8014302830656914	3.203e-195	0.00016
59	X403x486-1m2	585	51.43589743589744	0.061606081861226424	1.158e-09	3e-05
60	X401x492-3m1	678	20.3023598820059	0.9294355857525063	0.000e+00	0.00022
61	X474-2x402	544	43.841911764705884	0.04148314860256736	1.669e-06	1e-05
62	X400x554A-4m1	448	1.4776785714285714	0.6691324062772435	3.521e-109	7e-05
63	X402x449A-1m3	446	24.865470852017935	0.001914615458212772	3.566e-01	-1e-05
64	X451A-4x402	346	33.22832369942196	0.21545804415152103	6.858e-20	-8e-05
65	X498-4x402	285	43.4	0.22293968767615915	3.132e-17	-8e-05
66	X402x423-2m1	454	67.0	0.698460277816157	9.627e-120	0.00017
67	X402x537A-1m2	630	37.492063492063494	0.14992464839199984	5.763e-24	4e-05
68	X554A-4x400	573	57.73996509598604	0.5411134262015106	1.183e-98	9e-05
69	X400x504AL-1m1	575	40.01565217391305	0.005331627309851313	8.022e-02	0.0
70	X402x489-3m1	574	51.041811846689896	0.2941238912317725	3.337e-45	-5e-05
71	X481A-3x402	576	38.21180555555556	0.0609531028652178	1.906e-09	4e-05
72	X400x467BL-1m3	513	5.237816764132553	0.0	1.000e+00	0.0
73	X468A-1x402	283	61.72791519434629	0.33044245775506104	2.740e-26	-7e-05
74	X402x421-5m2	414	65.84299516908213	0.16722017216077434	4.043e-18	5e-05
75	X402x422-4m2	510	56.207843137254905	0.22301804530967778	1.087e-29	8e-05
76	X401x474-4m2	596	73.0738255033557	0.6694706232873907	6.413e-145	-0.00011
77	X400x529A-6m1	620	45.001612903225805	0.19869586273171827	1.342e-31	3e-05
78	X402x441-2m1	650	69.80153846153846	0.04103368667248858	1.902e-07	2e-05
79	X445-4x402	533	51.15947467166979	0.23301472056790812	1.836e-32	4e-05
80	X402x539-2m1	488	50.11065573770492	0.1376262713213442	2.279e-17	-5e-05
81	X460-2x402	644	58.91925465838509	0.04075497577082976	2.386e-07	2e-05
82	X400x418-2m1	560	52.15357142857143	0.26020112799495976	2.001e-38	7e-05
83	X401x3-6m3	572	23.812937062937063	0.5105864994310392	1.685e-90	0.0001
84	X401x528-5m1	649	55.10477657935285	0.6393205364670215	2.098e-145	-6e-05
85	X441-3x402	529	46.56332703213611	0.43409297104416156	3.709e-67	-6e-05
86	X429L-1x402	391	58.91815856777494	0.21295486805682587	5.134e-22	-7e-05
87	X480A-4x402	503	50.34990059642147	0.02313688990027616	6.196e-04	1e-05
88	X401x516-1m1	628	56.42993630573248	0.36157557227486437	5.278e-63	5e-05
89	X400x434L-1m1	624	33.17307692307692	0.46792708201126487	2.793e-87	-8e-05
90	X402x444B-1m1	463	0.265658747300216	0.262824519681045	2.150e-32	-1e-05
91	X401x480A-3m1	691	62.30101302460203	0.16282206356850984	1.925e-28	3e-05
92	X455-3x402	463	46.09287257019439	0.0006987336679841038	5.705e-01	0.0
93	X403x470-2m1	403	71.47394540942928	0.059525529744117775	7.132e-07	-2e-05
94	X400x554A-4m4	90	0.0	0.0	1.000e+00	0.0
95	X402x421-1m3	415	41.87469879518072	0.045536765011547596	1.162e-05	5e-05
96	X402x490-5m1	557	76.70736086175943	0.4817115612579817	3.027e-81	0.00028
97	X460L-1x402	595	55.66890756302521	0.27644924607788546	1.334e-43	7e-05
98	X481A-2x402	504	38.595238095238095	0.1340540403267712	1.961e-17	-6e-05
99	X402x488-3m1	726	53.06473829201102	0.36342541079698293	4.832e-73	-6e-05
100	X451A-5x402	332	54.91265060240964	0.0988296559106644	4.752e-09	-3e-05
101	X426L-2x402	319	34.66457680250784	0.7816503505685394	9.117e-107	0.0003
102	X415-4x402	384	36.044270833333336	0.8366065654269673	2.382e-152	0.00023
103	X402x422-2m1	127	44.21259842519685	0.2457867020254739	3.096e-09	0.00013
104	X498-5x402	492	45.40853658536585	0.8701426232019274	2.432e-219	0.00018
105	X402x450-2m1	599	67.55258764607679	0.5629631063631115	2.151e-109	-6e-05
106	X403x534-3m1	632	65.36075949367088	0.18875564885940424	1.754e-30	-5e-05
107	X400x457-1m2	666	39.271771771771775	0.35131369415358543	2.052e-64	-6e-05
108	X460-3x402	493	43.27991886409736	0.04714834503777395	1.132e-06	-4e-05
109	X441L-3x402	423	44.191489361702125	0.5867720972155951	8.175e-83	-0.00018
110	X552AL-1x402	620	70.05	0.31692409282687445	4.029e-53	-7e-05
111	X401x423-1m1	517	40.851063829787236	0.229460224051729	5.157e-31	-4e-05
112	X401x3-6m2	644	56.088509316770185	0.005644624671451421	5.670e-02	-1e-05
113	X485-3x402	510	57.423529411764704	0.4431530727500469	1.385e-66	-6e-05
114	X401x415-1m1	432	52.254629629629626	0.3689372393630591	6.537e-45	-7e-05
115	X402x415-4m2	587	54.01362862010222	0.3665744329168968	5.380e-60	-6e-05
116	X555A-3x403	628	65.45222929936305	0.04623822223815788	5.277e-08	-2e-05
117	X400x514L-5m1	489	41.63803680981595	0.589305510090677	3.664e-96	-0.0001
118	X403x511-2m1	499	68.49098196392785	0.3189300467147195	2.228e-43	0.00011
119	X402x516-4m1	616	52.89448051948052	0.6211306253413005	1.610e-131	-8e-05
120	X400x522AL-2m1	637	47.44270015698587	0.3367955252881918	1.284e-58	6e-05
121	X432L-3x402	339	36.607669616519175	0.8575959690159997	1.095e-144	0.00019
122	X401x438-4m1	503	58.29622266401591	0.02158199652538917	9.513e-04	1e-05
123	X401x555A-4m1	337	3.4094955489614245	0.0008534420481566603	5.931e-01	-0.0
124	X402x450-2m3	495	60.62828282828283	0.5340205554914602	8.773e-84	0.00012
125	X402x422-2m3	358	42.37150837988827	0.8336397077588298	1.028e-140	0.00013
126	X401x442-2m1	287	62.73519163763066	0.5139306927135732	1.485e-46	-0.00015
127	X402x432-2m3	677	49.97045790251108	0.10037909899618855	2.991e-17	-3e-05
128	X468AL-2x402	444	48.30855855855856	0.3934453716152596	6.227e-50	0.0001
129	X573B-6x410	600	22.60333333333333	0.11513505742210278	1.241e-17	5e-05
130	X402x490-5m3	537	57.83612662942272	0.005159545337406569	9.635e-02	-0.0
131	X400x518L-2m1	627	46.078149920255186	0.20565453179552792	3.959e-33	-6e-05
132	X400x519L-2m1	633	41.11374407582938	0.06431325046567436	9.546e-11	-2e-05
133	X402x449A-1m4	574	33.494773519163765	0.23714184885186548	1.630e-35	-7e-05
134	X401x481A-1m1	443	63.00451467268623	0.14994125162246866	2.689e-17	-3e-05
135	X400x509L-1m1	529	32.960302457466916	0.16885968740121227	5.719e-23	0.00011
136	X401x480A-1m1	689	57.3744557329463	0.6892621573588649	1.589e-176	-8e-05
137	X402x522-3m1	639	41.827856025039125	0.8190740176499545	1.140e-238	-0.00021
138	X400x466L-2m1	380	66.43947368421053	0.015148721351388537	1.637e-02	1e-05
139	X402x488-3m2	620	75.1	0.005864725566676558	5.667e-02	1e-05
140	X402x490-5m2	715	50.94125874125874	0.04940676618492674	1.873e-09	2e-05
141	X403x454-3m4	695	54.7568345323741	0.5170938236988759	1.209e-111	-9e-05
142	X401x474-2m2	541	45.78373382624769	0.11825742250925898	1.834e-16	5e-05
143	X402x432-2m2	500	56.596	0.13916683535162375	5.901e-18	5e-05
144	X402x422-2m2	428	33.89252336448598	0.04222120749490974	1.833e-05	-6e-05
145	X402x450-2m2	569	57.344463971880494	0.11474064435998889	9.636e-17	-3e-05
146	X429-2x402	193	39.60621761658031	0.008752989489820586	1.956e-01	-1e-05
147	X401x520-1m1	543	51.141804788213626	0.5057332067350114	7.924e-85	-9e-05
148	X400x457-1m1	552	50.02536231884058	0.6047621351883345	5.975e-113	-0.00012
149	X401x478A-5m1	632	36.55696202531646	0.042442725350078696	1.741e-07	-3e-05
150	X400x554A-2m1	289	1.9377162629757785	0.4385194755321493	7.573e-38	4e-05
151	X417-3x402	437	45.48970251716247	0.5144410417737166	3.044e-70	0.00012
152	X402x415-4m3	608	38.60361842105263	0.06340656081608767	3.016e-10	4e-05
153	X432-5x402	256	29.08984375	0.16425513189917929	1.536e-11	6e-05
154	X401x489-5m1	625	77.2704	0.4491781101345772	1.006e-82	8e-05
155	X402x474-4m4	511	42.28767123287671	0.2631297818142679	1.222e-35	-5e-05
156	X401x492-2m1	619	15.014539579967689	0.5557896825338648	8.217e-111	0.00023
157	X402x458-1m1	693	57.43434343434343	0.22243747262451838	1.136e-39	6e-05
158	X459-2x402	409	60.229828850855746	0.3476000838883118	1.197e-39	-8e-05
159	X401x468A-1m1	353	56.036827195467424	0.017763223216561527	1.220e-02	-1e-05
160	X423-2x402	238	43.294117647058826	0.8384481299136215	2.157e-95	0.00039
161	X402x528-5m3	591	53.82571912013536	0.547616534277008	1.562e-103	9e-05
162	X402x466-5m1	556	60.8794964028777	0.7829613777604761	6.363e-186	-0.00013
163	X571A-2x400	654	59.44648318042813	0.09898504647300059	1.713e-16	3e-05
164	X555A-1x400	460	62.834782608695654	0.6844714604003811	8.571e-117	0.00012
165	X437-2x402	543	53.537753222836095	0.1295507673547347	4.724e-18	-4e-05
166	X402x483A-1m1	565	58.51681415929203	0.7521628541354253	1.112e-172	-0.00011
167	X402x429-2m3	640	47.4546875	0.3331069808985642	4.080e-58	-5e-05
168	X401x459-2m1	482	71.25726141078839	0.007491816361801599	5.758e-02	1e-05
169	X402x456L-3m1	569	38.37609841827768	0.6082421440469584	1.790e-117	-0.00015
170	X401x514-1m1	697	67.59397417503587	0.006497296821701807	3.336e-02	1e-05
171	X403x435-1m1	448	50.564732142857146	0.7394356799881464	2.462e-132	0.00018
172	X402x443B-1m1	508	5.269685039370079	0.0	1.000e+00	0.0
173	X403x445-4m1	633	61.67614533965245	0.6826537570976358	2.080e-159	-9e-05
174	X401x462A-3m1	503	66.63817097415507	0.12045039392060815	1.103e-15	-8e-05
175	X403x526-3m1	705	57.645390070921984	0.0036661071424323962	1.082e-01	1e-05
176	X401x488-1m1	556	70.1726618705036	0.3614205026693927	6.225e-56	-9e-05
177	X402x429-2m2	669	64.46487294469357	0.006822790412993668	3.267e-02	-1e-05
178	X401x421-1m1	374	38.48930481283423	0.35032927716359175	1.007e-36	0.00013
179	X552AL-3x402	565	69.00353982300885	0.5978666175818816	1.853e-113	6e-05
180	X403x522AL-1m1	610	56.239344262295084	0.1240882112773849	2.924e-19	-3e-05
181	X494-4x402	531	65.46327683615819	0.8900375072953627	9.427e-256	-0.00013
182	X402x528-5m2	608	54.0641447368421	0.6294699764386629	9.207e-133	0.00013
183	X468A-2x402	384	60.3984375	0.5100890103200819	3.699e-61	8e-05
184	X40_x526-4m1	491	48.18940936863544	0.31829565253892167	1.312e-42	7e-05
185	X402x474-4m5	511	55.28375733855186	0.03945830185437025	6.053e-06	2e-05
186	X474-1x402	506	30.541501976284586	0.10608209200672357	5.725e-14	6e-05
187	X403x517L-5m1	621	71.24798711755234	0.020295064560031818	3.693e-04	2e-05
188	X402x527A-3m1	619	64.05492730210017	0.1428184439072929	1.897e-22	3e-05
189	X403x533A-8m4	563	50.0461811722913	0.1774905616683135	1.248e-25	3e-05
190	X422-1x402	632	47.65981012658228	0.011827996295247686	6.204e-03	-2e-05
191	X402x458-1m2	639	51.05790297339593	0.2793302059391105	2.910e-47	3e-05
192	X435-5x402	408	79.375	0.13152758786044022	3.968e-14	7e-05
193	X401x440-2m1	610	53.05573770491803	0.07293885772589885	1.177e-11	3e-05
194	X401x528-2m1	667	50.827586206896555	0.028190926821943383	1.306e-05	-1e-05
195	X491-1x402	560	0.43392857142857144	0.46639231318682617	3.874e-78	-1e-05
196	X458-1x402	492	31.71747967479675	0.6464613124340576	1.042e-112	-0.00023
197	X402x466-5m2	681	64.61233480176212	0.029641456511509973	6.231e-06	1e-05
198	X403x526-1m1	690	59.04492753623188	0.05983087466577878	7.379e-11	2e-05
199	X402x539-1m1	664	51.68524096385542	0.061910113798430075	7.925e-11	-2e-05
200	X402x483A-1m2	659	70.96358118361154	0.38424583788460254	3.311e-71	-6e-05
201	X401x432-2m1	548	53.58759124087591	0.7124337260645112	6.949e-150	-0.00011
202	X421-5x402	283	52.0565371024735	0.6945505142475392	2.453e-74	0.00015
203	X402x474-2m1	517	53.195357833655706	0.41021103295484296	4.926e-61	-0.0001
204	X401x424L-3m1	304	62.36842105263158	0.056424503598654606	2.857e-05	3e-05
205	X400x445L-3m1	614	45.60586319218241	0.4806286231464319	4.009e-89	-6e-05
206	X402x456L-1m1	621	76.4170692431562	0.7038168399008926	1.071e-165	-9e-05
207	X401x522-1m1	619	50.810985460420035	0.5354175338393222	8.522e-105	-0.00011
208	X402x421-4m1	606	45.0957095709571	0.11432454749565436	1.132e-17	-2e-05
209	X402x429-2m1	562	42.55338078291815	0.27262297836504157	1.260e-40	8e-05
210	X402x483A-1m3	658	59.93009118541033	0.1267965387112343	4.200e-21	3e-05
211	X401x421-1m2	365	42.446575342465756	0.30042977937522725	5.212e-30	7e-05
212	X402x466-5m3	570	55.40526315789474	0.24335166333976713	2.723e-36	5e-05
213	X400x534-1m2	602	62.55481727574751	0.04804283259507499	5.544e-08	-2e-05
214	X573B-2x410L	361	31.626038781163434	0.3510700258474158	1.376e-35	7e-05
215	X400x520L-2m1	629	46.087440381558025	0.020381268772404624	3.284e-04	-1e-05
216	X401x491-1m1	519	29.302504816955683	0.819911154923234	1.353e-194	-0.00019
217	X402x458-1m3	406	50.91379310344828	0.007870061841975235	7.417e-02	1e-05
218	X402x432-1m1	443	60.70428893905192	0.020560799171180054	2.485e-03	2e-05
219	X400x519L-3m1	537	57.44134078212291	0.3116051729018639	2.574e-45	-5e-05
220	X446L-2x402	338	82.31952662721893	0.7250500078819558	3.180e-96	0.00012
221	X400x521AL-9m2	496	47.10282258064516	0.004909049621920705	1.191e-01	1e-05
222	X454-3x402	444	24.765765765765767	0.11197799643789934	4.453e-13	-6e-05
223	X573B-5x410	678	37.03834808259587	0.6361427534962034	1.511e-150	-7e-05
224	X401x521-4m1	507	43.04930966469428	0.018746156401074486	2.003e-03	1e-05
225	X402x515-4m1	622	77.33922829581994	0.3513025082621247	2.914e-60	9e-05
226	X421-4x402	539	36.970315398886825	0.08353006827561227	7.873e-12	-4e-05
227	X400x571A-2m1	363	60.13498622589532	0.6399422506482142	4.409e-82	0.00012
228	X401x433-2m1	602	56.926910299003325	0.020110340960921992	4.833e-04	-1e-05
229	X400x481AL-1m1	348	55.52873563218391	0.2950630509428108	4.209e-28	-0.00012
230	X489-3x402	578	57.108996539792386	0.35535059085885234	6.762e-57	-4e-05
231	X440-3x402	447	40.82774049217002	0.052124227207749306	1.072e-06	-1e-05
232	X400x498L-2m1	613	42.539967373572594	0.014369510527543768	2.953e-03	-1e-05
233	X401x420-3m1	578	55.982698961937714	0.03878008184193191	1.833e-06	-2e-05
234	X400x468AL-2m1	488	52.22540983606557	0.18216455557989106	5.036e-23	4e-05
235	X401x491-5m1	637	28.880690737833596	0.3070362807423624	1.517e-52	-6e-05
236	X403x527A-1m1	609	66.89819376026273	0.005892694752291313	5.832e-02	-0.0
237	X402x492-1m2	657	10.007610350076103	0.19413892905212526	1.403e-32	-0.0001
238	X402x440-1m1	563	61.58792184724689	0.42684144980263977	8.076e-70	-0.00011
239	X402x450-1m1	513	52.95711500974659	0.42642738569386707	1.124e-63	5e-05
240	X400x571B-1m2	550	46.58	0.2470586535036016	1.164e-35	7e-05
241	X402x492-1m3	591	12.274111675126903	0.189362473702164	1.058e-28	4e-05
242	X403x437-2m1	600	26.18	0.11388468668972367	1.902e-17	6e-05
243	X403x4-1m4	633	52.54502369668246	0.1785893640415477	8.251e-29	-3e-05
244	X402x489-4m1	654	56.559633027522935	0.28177510371918435	8.108e-49	-4e-05
245	X429-1x402	164	40.51829268292683	0.05383710094283179	2.793e-03	4e-05
246	X402x528-5m4	644	55.08229813664596	0.014185609059859066	2.467e-03	-1e-05
247	X401x439-1m1	513	68.83235867446393	0.06536269056239472	4.244e-09	4e-05
248	X403x447-3m4	635	44.66771653543307	0.04457637048921042	7.851e-08	2e-05
249	X402x459-3m1	586	61.90955631399317	0.3064515607671852	2.334e-48	-5e-05
250	X401x475A-3m1	388	81.3582474226804	0.7184852566491241	2.713e-108	0.00012
251	X447-1x402	354	53.2909604519774	0.31072483061315986	2.733e-30	0.00014
252	X401x490-1m1	650	67.6	0.4768254120690253	3.145e-93	-9e-05
253	X402x474-4m3	675	61.17333333333333	0.49948382237914846	3.105e-103	-8e-05
254	X401x432L-3m1	702	58.69230769230769	0.014660749184409832	1.308e-03	2e-05
255	X402x474-4m1	665	63.73233082706767	0.5173861296791035	5.583e-107	6e-05
256	X402x422-1m2	292	14.527397260273972	0.23425605803195654	1.489e-18	0.00011
257	X401x422-4m1	405	42.01728395061728	0.9682676298601509	4.558e-304	0.00025
258	X462A-1x402	469	36.43496801705757	0.38281861764344494	6.846e-51	9e-05
259	X471A-2x402	439	49.07972665148064	0.8425121958840033	1.648e-177	0.00013
260	X573C-6x410	707	40.15275813295615	0.3787391668531057	6.555e-75	-0.0001
261	X402x459-3m3	542	45.76568265682657	0.017795017304892007	1.856e-03	-1e-05
262	X438-4x402	456	48.10964912280702	0.43227051652027176	8.794e-58	-8e-05
263	X402x471A-1m3	366	2.5437158469945356	0.09234421817508742	2.945e-09	-0.0002
264	X490-3x402	489	54.25153374233129	0.6090397037492444	2.235e-101	9e-05
265	X402x417-2m2	544	39.34375	0.25769696898416566	5.681e-37	6e-05
266	X400x508L-2m1	587	52.546848381601365	0.1397729435596906	6.537e-21	4e-05
267	X400x509L-2m1	399	57.86466165413534	0.22366716892616914	1.254e-23	-8e-05
268	X568AL-4x402	648	64.32407407407408	0.0007141010050832937	4.971e-01	-0.0
269	X484-3x402	400	51.8675	0.017774591339251675	7.585e-03	-2e-05
270	X4-2x484-4m4	514	49.86381322957198	0.27232450343694387	3.044e-37	-6e-05
271	X437-3x402	283	37.67491166077738	0.5222059041754077	5.626e-47	0.00012
272	X402x438-2m3	700	54.05714285714286	0.2983646572927801	1.081e-55	6e-05
273	X402x492-1m1	580	29.95	0.2634633179692976	2.676e-40	8e-05
274	X401x520-2m1	570	54.72982456140351	0.07667038693923507	1.717e-11	2e-05
275	X402x440-1m2	620	62.99354838709677	0.2955073677579045	5.796e-49	-7e-05
276	X552AL-2x402	523	50.231357552581265	0.12891407461706972	2.337e-17	-3e-05
277	X402x440-1m3	569	46.64499121265378	0.46420175848686235	7.288e-79	5e-05
278	X401x420-1m1	577	71.57712305025997	0.24989363497708922	8.291e-38	-5e-05
279	X400x571B-1m1	525	33.180952380952384	0.21742504584924124	1.066e-29	-7e-05
280	X401x515-3m2	625	53.184	0.25297832002749154	2.209e-41	-7e-05
281	X401Ex471A-2m1	577	54.98093587521664	0.14110640340744468	8.918e-21	3e-05
282	X400x481AL-1m3	433	44.39953810623557	0.00038306773436950283	6.846e-01	-0.0
283	X400x3-6m1	614	45.97557003257329	0.14086935795088543	5.648e-22	-3e-05
284	X433-5x402	281	56.18505338078292	0.0355743593782159	1.492e-03	3e-05
285	X435L-2x402	270	56.17037037037037	0.20075326192278364	9.754e-15	-4e-05
286	X402x417-2m3	585	27.864957264957265	0.0822952672601597	1.518e-12	-5e-05
287	X402x439-4m1	440	55.29545454545455	0.06521757720558394	5.575e-08	2e-05
288	X403x494-1m3	628	51.6703821656051	0.007169707793671611	3.388e-02	-1e-05
289	X475A-5x402	352	50.21022727272727	0.21695253894750396	2.344e-20	7e-05
290	X480AL-1x402	465	42.266666666666666	0.2872796142600412	6.141e-36	8e-05
291	X569AL-2x400	690	61.9768115942029	0.36232247122221106	3.056e-69	-0.0001
292	X481A-1x402	315	26.107936507936508	0.018121737569279678	1.682e-02	2e-05
293	X400x529A-1m2	545	39.34678899082569	0.06649777273057572	9.970e-10	3e-05
294	X402x498-2m1	596	69.03523489932886	0.36666102007973483	6.568e-61	-5e-05
295	X402x488-2m1	591	80.45008460236886	0.0004918003548105621	5.905e-01	0.0
296	X401x442-1m1	562	57.36476868327402	0.04513379897963226	3.709e-07	-2e-05
297	X402x478A-2m1	559	58.169946332737034	0.21347767027758285	6.559e-31	-6e-05
298	X402x456-2m1	602	83.9485049833887	0.3500774696537164	3.960e-58	6e-05
299	X402x418-1m2	703	56.36842105263158	0.3688641201676353	4.340e-72	-7e-05
300	X403x463A-1m4	412	39.351941747572816	0.14037299835291778	3.540e-15	-7e-05
301	X402x460-2m3	691	42.37047756874095	0.002911406101112007	1.565e-01	0.0
302	X491L-2x402	689	56.99274310595065	0.8219083741040335	1.324e-259	-8e-05
303	X402x469A-3m2	725	62.63862068965517	0.601301536342427	1.642e-146	-0.00012
304	X463A-2x402	581	76.5473321858864	0.8316047729722423	3.826e-226	0.0001
305	X401x519-3m1	591	66.52453468697124	0.24911042305556888	1.491e-38	6e-05
306	X402x463A-3m1	678	77.14749262536873	0.011540352519851879	5.108e-03	-0.0
307	X554A-3x400	449	66.88641425389756	0.07587150683243282	2.928e-09	-2e-05
308	X498-3x402	532	46.0093984962406	0.12603743178731247	3.016e-17	3e-05
309	X402x487A-1m2	318	73.05974842767296	0.3011245297070554	2.111e-26	3e-05
310	X402x437-1m3	488	25.063524590163933	0.3010534699770639	1.040e-39	-8e-05
311	X402x480A-4m3	601	43.86189683860233	0.4075694424513844	4.091e-70	-5e-05
312	X401x552AL-4m1	325	3.7784615384615385	0.10813986884174565	1.237e-09	3e-05
313	X402x463A-1m3	549	62.31511839708561	0.20050769488135936	1.987e-28	7e-05
314	X401x4-2m2	397	55.94206549118388	0.10162701259933543	7.914e-11	-5e-05
315	X402x451A-4m1	642	50.65576323987539	0.45018120900913067	3.479e-85	7e-05
316	X402x463A-1m2	596	83.31879194630872	0.27522410294796196	1.878e-43	3e-05
317	X402x480A-4m2	614	74.06188925081433	0.04244948762245433	2.601e-07	2e-05
318	X402x437-1m2	446	61.88116591928251	0.42018994979402874	1.638e-54	5e-05
319	X403x3-6m5	613	50.75693311582382	0.7643389987818153	6.321e-194	0.0001
320	X402x529A-1m1	714	77.85854341736695	0.30177650834122943	1.572e-57	7e-05
321	X400x426L-2m2	457	39.06564551422319	0.2529226150420006	1.146e-30	7e-05
322	X402x534-1m1	381	33.07874015748032	0.38171339248815395	1.779e-41	-0.00012
323	X402x524-1m1	617	61.73257698541329	0.0029260916616447147	1.796e-01	0.0
324	X401x485-3m1	615	49.55934959349594	0.031920801475730495	8.287e-06	-2e-05
325	X401x534-2m4	523	46.994263862332694	0.6053511609807016	2.915e-107	-0.0001
326	X402x469A-3m3	652	67.53374233128834	0.38860425088032935	1.796e-71	9e-05
327	X456L-1x402	503	49.363817097415506	0.3913126065089161	5.559e-56	-0.00013
328	X403x488-3m3	610	56.890163934426226	0.07084918637578984	2.366e-11	-3e-05
329	X402x418-1m3	635	50.64724409448819	0.016049934721575176	1.379e-03	-2e-05
330	X401x516L-3m1	597	50.97654941373534	0.08592982534881685	2.700e-13	4e-05
331	X400x539-3m1	580	36.61724137931034	0.7280945263066015	1.368e-165	-0.00027
332	X434L-1x402	353	32.946175637393765	0.7350057325427275	2.974e-103	0.00023
333	X400x532-4m1	475	38.54526315789474	0.30006887246796665	1.511e-38	7e-05
334	X4-6x402	644	51.440993788819874	0.49774089706576086	4.433e-98	-0.00014
335	X401x513-2m1	691	62.85383502170767	0.0012076923158751084	3.617e-01	-0.0
336	X402x418-1m1	600	42.24	0.03275698327572544	8.160e-06	-1e-05
337	X403x498-3m1	653	53.05972434915773	0.11458419045739186	5.713e-19	-4e-05
338	X402x456-2m2	587	61.75127768313458	0.16003656309216957	5.734e-24	5e-05
339	X402x494-2m1	708	57.97316384180791	0.017327932328596276	4.453e-04	-1e-05
340	X400x505A-1m1	549	54.44626593806922	0.7634868572330301	2.190e-173	0.00021
341	X403x535A-1m1	543	47.98526703499079	0.7073152669935027	1.867e-146	0.00014
342	X402x469A-3m1	667	71.42428785607197	0.00805693422924989	2.042e-02	-1e-05
343	X418-2x402	173	42.04624277456647	0.9278377380257723	1.536e-99	-0.00065
344	X402x462A-3m2	692	56.40173410404624	0.09168547624409051	3.861e-16	-2e-05
345	X402x447-4m1	672	70.8735119047619	0.43654774168818744	1.603e-85	-7e-05
346	X400x568AL-1m1	543	27.16390423572744	0.6016268071768639	3.338e-110	-0.00015
347	X401x485-1m1	620	57.39032258064516	0.05732035065913417	1.566e-09	2e-05
348	X402x472A-2m1	408	1.1200980392156863	0.0	1.000e+00	0.0
349	X402x487A-1m1	548	59.13321167883212	0.00628103955734578	6.375e-02	1e-05
350	X400x576-4m1	481	63.656964656964654	0.25781256922699036	6.940e-33	-5e-05
351	X447-4x402	415	52.397590361445786	0.09784269794667348	7.162e-11	-5e-05
352	X403x538-2m1	515	48.5378640776699	0.0051929359053800505	1.024e-01	1e-05
353	X402x435L-2m2	687	51.138282387190685	0.23900383479081747	1.466e-42	-6e-05
354	X486-1x402	675	71.4162962962963	0.6558708905020382	4.850e-158	8e-05
355	X402x451A-4m2	655	61.444274809160305	0.028534849807990443	1.385e-05	-2e-05
356	X402x480A-4m1	619	63.51211631663974	0.11591169702317689	2.906e-18	-5e-05
357	X402x462A-1m1	659	36.37025796661609	0.7525784237780441	1.989e-201	0.0001
358	X400x569AL-2m1	616	41.60064935064935	0.07967442505340461	9.534e-13	-3e-05
359	X402x437-1m1	351	36.706552706552706	0.5070582598301556	1.477e-55	-0.00013
360	X403x509L-4m1	600	43.135	0.5262539379566774	4.368e-99	8e-05
361	X402x463A-1m1	592	52.07263513513514	0.28379815336741654	1.055e-44	5e-05
362	X491-5x402	685	53.1007299270073	0.28638211072306835	5.165e-52	-5e-05
363	X402x524-1m2	641	36.84243369734789	0.09211055551894136	3.999e-15	3e-05
364	X435-1x402	499	81.92384769539078	0.24661703354899772	1.965e-32	5e-05
365	X402x462A-3m3	596	78.84060402684564	0.06558987692369031	2.220e-10	-2e-05
366	X403x415-4m1	623	53.53290529695024	0.06348448778686269	1.776e-10	-2e-05
367	X485L-3x402	340	59.173529411764704	0.3625932846131302	6.334e-35	0.00011
368	X466-4x402	233	61.69098712446352	0.13193768000411646	1.124e-08	-5e-05
369	X421-1x402	499	46.82364729458918	0.518865098935382	5.477e-81	-0.0001
370	X402x460-2m1	629	46.327503974562795	0.7098849157952857	1.239e-170	0.00011
371	X402x456-2m3	547	21.290676416819014	0.5536337288021913	1.593e-97	0.00027
372	X485-5x402	351	56.3048433048433	0.04673675444419276	4.423e-05	-4e-05
373	X539-1x541A-1	444	4.558558558558558	0.0	1.000e+00	0.0
374	X492-1x402	620	72.70645161290322	0.8244659397474937	1.137e-235	-0.00013
375	X400x532-4m2	602	38.7109634551495	0.09795479890326123	3.795e-15	-4e-05
376	X402x475A-1m3	516	56.565891472868216	0.14588254110656568	2.288e-19	-5e-05
377	X402x486-3m1	476	58.470588235294116	0.022094461646358147	1.144e-03	-1e-05
378	X402x454-3m2	681	67.18649045521292	0.460396348557619	4.931e-93	-9e-05
379	X401x4-6m1	691	56.69609261939218	0.41695824591625047	9.022e-83	-3e-05
380	X432-2x402	284	35.063380281690144	0.2643458253666679	1.453e-20	-0.00014
381	X403x555A-3m1	527	2.5749525616698294	0.030727734865730938	5.212e-05	1e-05
382	X402x484-4m2	545	59.143119266055045	0.14686900492306118	1.649e-20	-6e-05
383	X403x507A-2m1	594	54.45117845117845	0.25915647777570866	1.761e-40	-3e-05
384	X450-1x402	371	48.22371967654986	0.4688809333460604	1.200e-52	0.0001
385	X400x572B-4m1	481	8.954261954261954	0.3389492504849965	5.508e-45	-0.00019
386	X400x537A-2m1	603	45.917081260364846	0.22404802817119357	5.371e-35	9e-05
387	X417L-1x402	411	34.32360097323601	0.5090914197413227	3.557e-65	0.00014
388	X418-3x402	339	53.469026548672566	1.6324501945217014e-05	9.409e-01	-0.0
389	X400x422-1m1	428	57.200934579439256	0.5728126209189097	1.069e-80	5e-05
390	X403x474-1m1	438	32.422374429223744	0.6151153413875264	1.945e-92	-0.00013
391	X466L-2x402	102	37.754901960784316	0.001080592478186668	7.429e-01	-1e-05
392	X487A-1x402	545	56.777981651376145	0.6003420794145645	3.184e-110	0.00021
393	X402x525-1m2	690	76.06811594202898	0.03312416054705817	1.492e-06	-2e-05
394	X401x4-2m4	599	45.353923205342234	0.1631761511796406	6.457e-25	6e-05
395	X401x445-2m1	721	54.995839112343965	0.2944087183237896	1.961e-56	-0.0001
396	X466-5x402	315	43.473015873015875	0.7511015720252914	1.559e-96	0.0002
397	X422-4x402	534	52.72097378277154	0.01959284008080092	1.183e-03	-1e-05
398	X439-3x402	405	63.11358024691358	0.05731162620516906	1.094e-06	3e-05
399	X402x426-1m1	568	42.51232394366197	0.26592138632117324	6.547e-40	-5e-05
400	X400x575-1m1	420	62.121428571428574	0.8063321565840716	4.291e-151	0.00022
401	X403x518L-3m1	669	51.54559043348281	0.07268281475685508	1.323e-12	-5e-05
402	X400x415L-1m1	578	42.68339100346021	0.00030774965134171446	6.738e-01	-0.0
403	X401x434-3m1	583	44.51286449399657	0.16888187245189717	3.667e-25	4e-05
404	X402x454-3m3	651	78.4531490015361	0.6500563011286389	4.133e-150	7e-05
405	X403x515-3m1	473	41.91754756871036	0.1612076188377829	9.495e-20	-6e-05
406	X402x475A-1m2	547	57.49908592321755	0.5492604273284328	2.279e-96	0.0001
407	X403x475A-5m1	495	61.60808080808081	0.3461135702612373	2.020e-47	8e-05
408	X400x446L-2m1	646	35.28018575851393	0.013120033997962705	3.554e-03	-1e-05
409	X401x505AL-1m1	642	63.585669781931465	0.38208075528366114	6.378e-69	5e-05
410	X445-2x402	498	47.84538152610442	0.36537265873117863	6.248e-51	-0.0001
411	X463A-3x402	656	59.6234756097561	0.45588233597616795	1.719e-88	6e-05
412	X403x487B-2m2	367	1.561307901907357	0.5506625258881189	2.206e-65	0.00129
413	X555A-4x401	599	66.44908180300501	0.5670826022440068	1.269e-110	-7e-05
414	X401x511-3m2	507	43.83431952662722	0.0009382108373864016	4.914e-01	0.0
415	X400x533A-8m3	682	49.441348973607035	0.17652868594761773	1.512e-30	-5e-05
416	X552AL-6x402	580	74.61379310344827	0.023447624903500757	2.142e-04	1e-05
417	X402x426-1m3	671	53.06110283159463	0.32640559359678917	2.139e-59	-3e-05
418	X402x462A-3m4	606	57.32673267326733	0.1082406880531572	9.186e-17	-3e-05
419	X403x498-5m1	481	43.07068607068607	0.28700436169924204	4.413e-37	3e-05
420	X402x468A-5m1	361	67.54570637119113	0.4042055186546992	2.811e-42	-5e-05
421	X494-1x402	612	63.78921568627451	0.05635569368902743	2.748e-09	-3e-05
422	X400x537A-2m2	387	40.78036175710594	0.46340549728983177	5.390e-54	-0.00011
423	X401x460-3m1	645	40.035658914728685	0.13297967989269885	1.018e-21	5e-05
424	X474-4x402	574	46.26655052264808	8.4237644364326e-06	9.447e-01	-0.0
425	X498-2x402	642	62.02336448598131	0.06032346027848719	2.828e-10	3e-05
426	X403x439-3m1	501	64.96407185628742	0.09816382270643495	7.135e-13	-4e-05
427	X400x511L-4m1	495	62.23434343434344	0.6630753339138786	1.517e-118	0.0001
428	X415-3x402	404	38.12376237623762	0.032795143577472236	2.532e-04	2e-05
429	X554A-2x400	294	41.465986394557824	0.18838760866959978	6.167e-15	4e-05
430	X400x459-3m2	652	34.71165644171779	0.00035137660325356026	6.328e-01	0.0
431	X402x525-1m1	670	39.992537313432834	0.8259007149126926	9.057e-256	0.00015
432	X400x517L-1m1	604	0.0	0.0	1.000e+00	0.0
433	X440L-2x402	318	48.07232704402516	0.5592631997027271	3.608e-58	0.00021
434	X402x529A-1m4	604	46.50993377483444	0.14493607909247108	2.876e-22	-2e-05
435	X401x484-3m1	648	47.004629629629626	0.6125930012747014	3.808e-135	-6e-05
436	X403x498L-2m2	582	64.42611683848797	0.4988297836673071	4.635e-89	-0.00011
437	X400x570AL-4m2	614	18.245928338762216	0.9044429300453122	3.094e-314	-0.00021
438	X401x435-5m1	587	56.44974446337309	0.6553455668665128	1.969e-137	-0.00011
439	X400x421-2m1	585	34.4034188034188	0.5706987896623505	3.893e-109	0.00012
440	X403x533A-2m1	601	48.18968386023295	0.004433094726818862	1.030e-01	-1e-05
441	X470-2x402	447	39.277404921700224	0.05960481137218541	1.727e-07	-3e-05
442	X434-3x402	426	42.117370892018776	0.4155728867265119	2.109e-51	-7e-05
443	X402x426-1m2	661	49.38880484114977	0.0014372435710788864	3.305e-01	-0.0
444	X451AL-1x402	329	89.29483282674772	0.7080663713486111	1.962e-89	-0.00013
445	X420-3x402	201	35.407960199004975	0.24074373225912804	1.423e-13	-7e-05
446	X400x533A-8m2	555	44.12432432432433	0.026752973998471968	1.085e-04	1e-05
447	X401x4-4m1	495	52.163636363636364	0.41712379335478916	9.089e-60	5e-05
448	X400x532-4m4	651	39.17818740399385	0.03679933738441202	8.182e-07	-3e-05
449	X402x475A-1m1	533	41.127579737335836	0.1980750254440494	2.723e-27	-8e-05
450	X445L-3x402	471	53.481953290870486	0.18140304250028447	3.529e-22	-3e-05
451	X400x483A-3m1	569	39.984182776801404	0.1371455860257286	6.166e-20	5e-05
452	X402x481A-2m1	294	62.58843537414966	0.36084771057644566	3.205e-30	7e-05
453	X400x572C-5m1	608	24.542763157894736	0.5469405178690044	2.858e-106	-0.00014
454	X402x485-5m2	577	76.27556325823224	0.006071852161629268	6.141e-02	-1e-05
455	X402x534-2m1	486	60.02057613168724	0.6584530952864456	5.553e-115	-7e-05
456	X571B-1x402	584	59.042808219178085	0.2761750960834628	8.915e-43	4e-05
457	X402x478A-5m4	578	50.34256055363322	0.6895772159603979	1.926e-148	9e-05
458	X400x539-4m5	534	40.58426966292135	0.00032514063156241984	6.776e-01	0.0
459	X403x433L-2m1	451	36.07760532150776	0.23385601825911767	8.235e-28	5e-05
460	X403x481A-3m1	363	49.60606060606061	0.5319209887587173	1.785e-61	0.0001
461	X401x483A-2m1	592	48.3125	0.10601627190604015	4.364e-16	4e-05
462	X403x438-2m2	368	37.08423913043478	0.783498528446312	1.153e-123	0.00021
463	X401x4-1m2	576	52.092013888888886	0.0038158741425103233	1.387e-01	1e-05
464	X418-1x402	251	55.71713147410359	0.4848354416975343	9.910e-38	-8e-05
465	X402x458-2-3m2	417	45.326139088729015	0.0004696951478065529	6.590e-01	-0.0
466	X402x445-2m2	513	64.83040935672514	0.30834411798562306	7.817e-43	-3e-05
467	X402x468A-2m1	436	73.15825688073394	0.1278422006514051	1.356e-14	4e-05
468	X454L-1x402	259	54.054054054054056	0.6517830033662542	8.248e-61	0.0002
469	X481AL-1x402	217	20.087557603686637	0.8097436797086576	2.040e-79	0.0004
470	X478A-3x402	563	30.788632326820604	0.5258239058566998	5.851e-93	-0.00015
471	X401x513-3m1	653	64.20673813169985	0.5030508333311745	6.210e-101	9e-05
472	X402x552AL-1m3	522	7.082375478927203	0.8386176545918955	4.211e-208	-0.0001
473	X492-2x402	610	67.22295081967214	0.007951737951499204	2.765e-02	-1e-05
474	X400x577-1m1	510	42.641176470588235	0.42122362905123173	2.589e-62	-0.00031
475	X402x494-1m2	663	75.65460030165913	0.006511263034336271	3.778e-02	-0.0
476	X401x494-4m1	518	44.36100386100386	0.03373464246241642	2.599e-05	1e-05
477	X400x532-5m2	561	58.13368983957219	0.14410289449130426	1.138e-20	-5e-05
478	X401x484-4m1	518	56.156370656370655	0.7243332525703126	1.715e-146	-0.00013
479	X402x479A-1m1	631	53.44690966719493	0.4553490065055611	4.805e-85	-0.00011
480	X402x445-2m3	607	64.04448105436573	0.39801663110116436	1.082e-68	0.0001
481	X457-1x402	430	59.027906976744184	0.00023421136191133246	7.517e-01	0.0
482	X489-5x402	576	38.560763888888886	0.12393680458986935	3.007e-18	-3e-05
483	X572B-4x400	657	73.76712328767124	0.4024504776231884	2.836e-75	-4e-05
484	X402x458-2-3m3	321	25.660436137071652	0.39091947310915187	3.215e-36	-0.00026
485	X402x457-1m4	681	53.06314243759178	0.05296309663794935	1.229e-09	-3e-05
486	X400x474L-2m1	577	108.81455805892547	0.0	1.000e+00	0.0
487	X402x434-1m1	603	75.38640132669984	0.3929921302822184	3.664e-67	-7e-05
488	X402x451A-5m2	679	60.90721649484536	0.19658050673210262	4.572e-34	-5e-05
489	X486-2x402	498	90.28714859437751	0.541225326819067	5.797e-86	5e-05
490	X439-1x402	286	46.47202797202797	0.46624025239322975	1.324e-40	0.00012
491	X468A-5x402	379	53.71767810026385	0.6377564206644364	3.821e-85	0.00019
492	X400x539-4m6	473	47.1585623678647	0.14871001034506218	3.215e-18	-5e-05
493	X402x424-1m3	557	38.50448833034111	0.4659266730128418	1.270e-77	9e-05
494	X415-1x402	455	40.48571428571429	0.4950116739564156	3.301e-69	0.00014
495	X401x519-2m1	606	57.28382838283829	0.6815551845332222	3.240e-152	-0.0001
496	X400X440L-2m1	478	38.85774058577406	0.20917019571642015	4.396e-26	-7e-05
497	X403x433-5m1	693	25.575757575757574	0.29272738676085597	6.020e-54	-5e-05
498	X427-3x402	390	52.87692307692308	0.35241736971203114	1.671e-38	-5e-05
499	X402x427-2m1	421	72.79097387173397	0.33430690330591906	6.344e-39	-5e-05
500	X400x466-4m1	481	41.24116424116424	0.5771565904317656	1.413e-91	0.00012
501	X459L-1x402	279	66.9605734767025	0.6994369461817723	2.827e-74	0.00017
502	X401x4-1m1	640	55.8671875	0.00048162193675592153	5.795e-01	-0.0
503	X403x498-2m2	455	80.15604395604396	0.7930387354559346	4.706e-157	-0.00021
504	X402x458-2-3m1	489	55.760736196319016	0.06777870893815448	5.115e-09	-3e-05
505	X400x574-2m1	482	33.30082987551867	0.12466085958496013	1.347e-15	-4e-05
506	X402x484-3m2	678	63.21828908554572	0.722738446082159	1.794e-190	0.00012
507	X400x570AL-1m2	351	23.22222222222222	0.8069892193187618	1.024e-126	0.00021
508	X463A-1x402	554	57.22202166064982	0.566399698767724	3.093e-102	-8e-05
509	X400x577-3m1	463	55.885529157667385	0.004916917629855394	1.319e-01	-1e-05
510	X402x479A-1m3	474	64.82489451476793	0.08901441888024703	3.356e-11	3e-05
511	X433-3x402	196	57.704081632653065	0.7203320604550142	1.420e-55	0.00012
512	X402x468A-2m2	472	45.773305084745765	0.8870326301597693	1.085e-224	0.00025
513	X403x521-3m1	604	58.61920529801324	0.20459771185028144	8.519e-32	-3e-05
514	X552AL-4x402	541	70.68207024029574	0.08974731637392516	1.111e-12	4e-05
515	X401x484-4m3	573	65.56544502617801	0.001947326983652291	2.916e-01	0.0
516	X400x429-1m1	560	53.46071428571429	0.7750170675615005	6.812e-183	-0.00014
517	X427L-1x402	422	47.03080568720379	0.15567813581104878	3.591e-17	9e-05
518	X401x516L-2m1	698	57.97994269340974	0.5654075448485251	4.533e-128	-8e-05
519	X402x494-1m1	504	44.36904761904762	0.7730150783232628	9.168e-164	-9e-05
520	X456-2x402	320	24.99375	0.8723685712447796	3.366e-144	-0.00051
521	X402x468A-2m3	513	46.78167641325536	0.718850393673216	6.643e-143	0.00013
522	X401x525-1m3	639	51.690140845070424	0.006611557423474577	3.990e-02	-1e-05
523	X469A-3x402	456	23.842105263157894	0.0006950803690202647	5.744e-01	0.0
524	X402x479A-1m2	381	48.01312335958005	0.21667969675526888	6.949e-22	9e-05
525	X403x520L-1m1	502	51.03386454183267	0.6202580142657731	3.370e-107	-0.00011
526	X402x484-3m3	566	53.07597173144876	0.2875971834885135	1.834e-43	-9e-05
527	X403x498-2m3	646	54.28792569659443	0.18151477734786653	7.151e-30	-3e-05
528	X438-2x402	599	37.12854757929883	0.0033129790422969864	1.594e-01	1e-05
529	X403x538-1m1	597	62.494137353433835	0.3597865919659629	1.309e-59	3e-05
530	X400x474L-2m2	613	97.38825448613377	0.7235720800860119	9.594e-173	-3e-05
531	X490-5x402	634	59.61671924290221	0.23026034303792783	7.993e-38	-4e-05
532	X401x505AL-4m1	471	49.503184713375795	0.05587110064580527	2.104e-07	2e-05
533	X434-1x402	258	19.07751937984496	0.8284974407318098	5.303e-100	0.00054
534	X403x468A-2m4	647	71.34157650695518	0.002397629111783062	2.136e-01	0.0
535	X402x451A-5m1	478	57.43305439330544	0.833427896614519	2.206e-187	-0.00018
536	X427-2x402	378	61.51322751322751	0.03315347817917057	3.735e-04	-2e-05
537	X403x432-5m1	607	69.10543657331137	0.42418462942766944	1.520e-74	-0.0001
538	X451A-1x402	219	40.182648401826484	0.9585314584280924	5.818e-152	0.00061
539	X400x539-4m3	571	15.726795096322242	0.32781303603174794	4.850e-51	-0.00013
540	X402x478A-5m2	568	60.67429577464789	0.08350595994627501	2.183e-12	4e-05
541	X494-2x402	585	52.02735042735043	0.26666898643511494	3.458e-41	-7e-05
542	X403x498-4m1	513	57.92982456140351	0.08776473454458268	7.495e-12	4e-05
543	X488-1x402T	659	62.39605462822458	0.0016520358466031299	2.975e-01	0.0
544	X401x445-1m1	618	47.64724919093851	0.10908209525731848	3.408e-17	3e-05
545	X552AL-5x402	636	65.39779874213836	0.8671104869762912	4.766e-280	0.00012
546	X402x457-1m3	699	52.79399141630901	0.05549992095000284	2.857e-10	2e-05
547	X402x451A-1m1	673	50.655274888558694	0.19455149933930016	2.075e-33	3e-05
548	X402x447-3m1	670	66.35522388059701	0.00018927860781964553	7.222e-01	-0.0
549	X400x575-2m1	462	27.603896103896105	0.6266431707926291	1.819e-100	-0.00024
550	X402x486-2m2	572	56.85664335664335	0.7796945451532932	2.187e-189	-0.00013
551	X433-2x402	363	89.52066115702479	0.5910383684154232	4.415e-72	0.0001
552	X445-1x402	541	48.94639556377079	0.17435207673875322	3.074e-24	4e-05
553	X570AL-4x400	623	58.325842696629216	0.367239842769806	1.015e-63	0.0001
554	X469A-2x402	506	45.533596837944664	0.5020049087511892	2.512e-78	-7e-05
555	X402x486-2m3	650	59.35076923076923	4.958047221077371e-07	9.857e-01	0.0
556	X456L-3x402	157	43.81528662420382	0.766480984208819	8.090e-51	-0.00023
557	X401x524-1m3	577	49.01386481802427	0.006864859153628187	4.666e-02	-1e-05
558	X401x491L-2m1	565	35.948672566371684	0.29892254767481985	2.345e-45	-0.0001
559	X403x529A-2m1	604	65.92880794701986	0.006345455796982095	5.037e-02	1e-05
560	X401x552AL-3m3	133	7.43609022556391	0.5954935441909971	1.609e-27	-0.00014
561	X403x415-3m1	622	42.18006430868167	0.804672023427518	4.893e-222	-0.00014
562	X401x552AL-1m1	468	9.504273504273504	0.28209224706444985	2.014e-35	3e-05
563	X415L-1x402	498	41.93172690763052	0.36940036858904135	1.281e-51	-6e-05
564	X402x478A-5m3	508	72.53740157480316	0.26152095010959847	3.373e-35	4e-05
565	X4-4x400L	486	41.04526748971193	0.8133152742557159	1.630e-178	-0.00018
566	X401x505A-2m1	560	60.035714285714285	0.4642337917290071	1.198e-77	-6e-05
567	X401x418-3m1	357	37.53221288515406	0.08976361783936991	7.732e-09	-4e-05
568	X400x532-1m2	482	42.531120331950206	0.47501568203624606	3.605e-69	8e-05
569	X3-6_tillerx402	589	54.34974533106961	0.13583587241188563	2.174e-20	2e-05
570	X403x441-3m1	635	44.75748031496063	0.5074880072224415	1.984e-99	7e-05
571	X426-1x402	457	53.905908096280086	0.38599210771589854	3.868e-50	-6e-05
572	X400x417-3m1	603	43.2636815920398	0.7565242129762068	1.595e-186	0.00023
573	X402x535A-2m1	605	61.63636363636363	0.08628943203031392	1.660e-13	-4e-05
574	X450-2x402	375	58.62133333333333	0.09109892364163842	2.446e-09	3e-05
575	X432-1x402	277	44.978339350180505	0.009457754250790715	1.063e-01	-1e-05
576	X403x433-3m1	614	69.5130293159609	0.19851524567353135	2.810e-31	-4e-05
577	X458-2-3x402	291	9.336769759450172	0.023075157601064197	9.453e-03	-7e-05
578	X402x447-3m2	561	77.15864527629233	0.15542124401862029	2.655e-22	-2e-05
579	X478A-2x402	586	26.69283276450512	0.15266622452338155	8.214e-23	0.00011
580	X403x487B-3m1	134	1.8955223880597014	0.0	1.000e+00	0.0
581	X401x437-3m1	577	51.74350086655112	0.31927725726111267	5.587e-50	5e-05
582	X402x447-3m3	664	42.26204819277108	1.8701687434626635e-06	9.719e-01	-0.0
583	X403x463A-2m1	646	47.01393188854489	0.34566674650625023	2.594e-61	-6e-05
584	X489-4x402	335	26.256716417910447	0.9018769914658459	6.202e-170	0.0003
585	X492-3x402	608	73.35197368421052	0.5973017116578043	8.528e-122	-6e-05
586	X402x433L-2m2	395	62.89367088607595	0.3487831935112374	1.691e-38	-0.0001
587	X402x447-1m1	687	53.63173216885007	0.6544511801858877	3.274e-160	8e-05
588	X400x568AL-4m1	544	33.091911764705884	0.6544711781777063	3.594e-127	-0.00016
589	X403x492-1m4	657	17.91324200913242	0.0002659156115728725	6.765e-01	-0.0
590	X486-3x402	398	67.10804020100502	0.4318917070118114	1.449e-50	7e-05
591	X3-6x402	498	49.51004016064257	0.3988189836976764	8.822e-57	8e-05
592	X400x539-4m1	627	29.960127591706538	0.34910067698285324	2.845e-60	9e-05
