	Step_Size	Window_Start	Window_End	Total_Kernels	Total_Fluor	Total_NonFluor	P-Value	Comparison	window_mean	Percent_Transmission
0	2	145	545	64	16	48	6.334248366623988e-05	< p = 0.05	345.0	0.25
1	2	147	547	63	15	48	3.2159555632006816e-05	< p = 0.05	347.0	0.23809523809523808
2	2	149	549	62	14	48	1.5744635098162822e-05	< p = 0.05	349.0	0.22580645161290322
3	2	151	551	62	14	48	1.5744635098162822e-05	< p = 0.05	351.0	0.22580645161290322
4	2	153	553	62	14	48	1.5744635098162822e-05	< p = 0.05	353.0	0.22580645161290322
5	2	155	555	62	14	48	1.5744635098162822e-05	< p = 0.05	355.0	0.22580645161290322
6	2	157	557	63	14	49	1.0356865370145168e-05	< p = 0.05	357.0	0.2222222222222222
7	2	159	559	64	14	50	6.795346249460114e-06	< p = 0.05	359.0	0.21875
8	2	161	561	64	14	50	6.795346249460114e-06	< p = 0.05	361.0	0.21875
9	2	163	563	65	14	51	4.44766451119477e-06	< p = 0.05	363.0	0.2153846153846154
10	2	165	565	66	14	52	2.904266227207951e-06	< p = 0.05	365.0	0.21212121212121213
11	2	167	567	67	14	53	1.8922083784506177e-06	< p = 0.05	367.0	0.208955223880597
12	2	169	569	68	14	54	1.23018754345587e-06	< p = 0.05	369.0	0.20588235294117646
13	2	171	571	66	14	52	2.904266227207951e-06	< p = 0.05	371.0	0.21212121212121213
14	2	173	573	65	14	51	4.44766451119477e-06	< p = 0.05	373.0	0.2153846153846154
15	2	175	575	65	14	51	4.44766451119477e-06	< p = 0.05	375.0	0.2153846153846154
16	2	177	577	65	14	51	4.44766451119477e-06	< p = 0.05	377.0	0.2153846153846154
17	2	179	579	65	14	51	4.44766451119477e-06	< p = 0.05	379.0	0.2153846153846154
18	2	181	581	68	15	53	4.062150428658685e-06	< p = 0.05	381.0	0.22058823529411764
19	2	183	583	68	15	53	4.062150428658685e-06	< p = 0.05	383.0	0.22058823529411764
20	2	185	585	68	15	53	4.062150428658685e-06	< p = 0.05	385.0	0.22058823529411764
21	2	187	587	68	15	53	4.062150428658685e-06	< p = 0.05	387.0	0.22058823529411764
22	2	189	589	68	15	53	4.062150428658685e-06	< p = 0.05	389.0	0.22058823529411764
23	2	191	591	69	16	53	8.417653831711143e-06	< p = 0.05	391.0	0.2318840579710145
24	2	193	593	68	16	52	1.2675036261158191e-05	< p = 0.05	393.0	0.23529411764705882
25	2	195	595	68	16	52	1.2675036261158191e-05	< p = 0.05	395.0	0.23529411764705882
26	2	197	597	67	15	52	6.176097488038485e-06	< p = 0.05	397.0	0.22388059701492538
27	2	199	599	67	15	52	6.176097488038485e-06	< p = 0.05	399.0	0.22388059701492538
28	2	201	601	67	15	52	6.176097488038485e-06	< p = 0.05	401.0	0.22388059701492538
29	2	203	603	67	15	52	6.176097488038485e-06	< p = 0.05	403.0	0.22388059701492538
30	2	205	605	67	15	52	6.176097488038485e-06	< p = 0.05	405.0	0.22388059701492538
31	2	207	607	67	15	52	6.176097488038485e-06	< p = 0.05	407.0	0.22388059701492538
32	2	209	609	68	15	53	4.062150428658685e-06	< p = 0.05	409.0	0.22058823529411764
33	2	211	611	66	14	52	2.904266227207951e-06	< p = 0.05	411.0	0.21212121212121213
34	2	213	613	65	14	51	4.44766451119477e-06	< p = 0.05	413.0	0.2153846153846154
35	2	215	615	65	14	51	4.44766451119477e-06	< p = 0.05	415.0	0.2153846153846154
36	2	217	617	65	14	51	4.44766451119477e-06	< p = 0.05	417.0	0.2153846153846154
37	2	219	619	65	14	51	4.44766451119477e-06	< p = 0.05	419.0	0.2153846153846154
38	2	221	621	65	14	51	4.44766451119477e-06	< p = 0.05	421.0	0.2153846153846154
39	2	223	623	64	14	50	6.795346249460114e-06	< p = 0.05	423.0	0.21875
40	2	225	625	66	14	52	2.904266227207951e-06	< p = 0.05	425.0	0.21212121212121213
41	2	227	627	68	14	54	1.23018754345587e-06	< p = 0.05	427.0	0.20588235294117646
42	2	229	629	68	14	54	1.23018754345587e-06	< p = 0.05	429.0	0.20588235294117646
43	2	231	631	68	14	54	1.23018754345587e-06	< p = 0.05	431.0	0.20588235294117646
44	2	233	633	68	14	54	1.23018754345587e-06	< p = 0.05	433.0	0.20588235294117646
45	2	235	635	68	14	54	1.23018754345587e-06	< p = 0.05	435.0	0.20588235294117646
46	2	237	637	68	14	54	1.23018754345587e-06	< p = 0.05	437.0	0.20588235294117646
47	2	239	639	68	14	54	1.23018754345587e-06	< p = 0.05	439.0	0.20588235294117646
48	2	241	641	69	14	55	7.981470489727563e-07	< p = 0.05	441.0	0.2028985507246377
49	2	243	643	69	14	55	7.981470489727563e-07	< p = 0.05	443.0	0.2028985507246377
50	2	245	645	69	14	55	7.981470489727563e-07	< p = 0.05	445.0	0.2028985507246377
51	2	247	647	69	14	55	7.981470489727563e-07	< p = 0.05	447.0	0.2028985507246377
52	2	249	649	70	14	56	5.16821975381135e-07	< p = 0.05	449.0	0.2
53	2	251	651	70	14	56	5.16821975381135e-07	< p = 0.05	451.0	0.2
54	2	253	653	70	14	56	5.16821975381135e-07	< p = 0.05	453.0	0.2
55	2	255	655	69	12	57	6.048433091467404e-08	< p = 0.05	455.0	0.17391304347826086
56	2	257	657	69	12	57	6.048433091467404e-08	< p = 0.05	457.0	0.17391304347826086
57	2	259	659	68	11	57	2.4285346737019113e-08	< p = 0.05	459.0	0.16176470588235295
58	2	261	661	68	11	57	2.4285346737019113e-08	< p = 0.05	461.0	0.16176470588235295
59	2	263	663	68	11	57	2.4285346737019113e-08	< p = 0.05	463.0	0.16176470588235295
60	2	265	665	68	11	57	2.4285346737019113e-08	< p = 0.05	465.0	0.16176470588235295
61	2	267	667	66	10	56	1.4943701870613423e-08	< p = 0.05	467.0	0.15151515151515152
62	2	269	669	65	10	55	2.3836660246447906e-08	< p = 0.05	469.0	0.15384615384615385
63	2	271	671	65	10	55	2.3836660246447906e-08	< p = 0.05	471.0	0.15384615384615385
64	2	273	673	65	10	55	2.3836660246447906e-08	< p = 0.05	473.0	0.15384615384615385
65	2	275	675	65	10	55	2.3836660246447906e-08	< p = 0.05	475.0	0.15384615384615385
66	2	277	677	65	10	55	2.3836660246447906e-08	< p = 0.05	477.0	0.15384615384615385
67	2	279	679	65	10	55	2.3836660246447906e-08	< p = 0.05	479.0	0.15384615384615385
68	2	281	681	64	10	54	3.7979124931775396e-08	< p = 0.05	481.0	0.15625
69	2	283	683	64	10	54	3.7979124931775396e-08	< p = 0.05	483.0	0.15625
70	2	285	685	66	10	56	1.4943701870613423e-08	< p = 0.05	485.0	0.15151515151515152
71	2	287	687	66	10	56	1.4943701870613423e-08	< p = 0.05	487.0	0.15151515151515152
72	2	289	689	68	10	58	5.854734613810995e-09	< p = 0.05	489.0	0.14705882352941177
73	2	291	691	68	10	58	5.854734613810995e-09	< p = 0.05	491.0	0.14705882352941177
74	2	293	693	70	10	60	2.2848239252562676e-09	< p = 0.05	493.0	0.14285714285714285
75	2	295	695	70	10	60	2.2848239252562676e-09	< p = 0.05	495.0	0.14285714285714285
76	2	297	697	70	10	60	2.2848239252562676e-09	< p = 0.05	497.0	0.14285714285714285
77	2	299	699	70	10	60	2.2848239252562676e-09	< p = 0.05	499.0	0.14285714285714285
78	2	301	701	71	10	61	1.4253845254850394e-09	< p = 0.05	501.0	0.14084507042253522
79	2	303	703	71	10	61	1.4253845254850394e-09	< p = 0.05	503.0	0.14084507042253522
80	2	305	705	72	10	62	8.884600417384634e-10	< p = 0.05	505.0	0.1388888888888889
81	2	307	707	72	10	62	8.884600417384634e-10	< p = 0.05	507.0	0.1388888888888889
82	2	309	709	72	10	62	8.884600417384634e-10	< p = 0.05	509.0	0.1388888888888889
83	2	311	711	72	10	62	8.884600417384634e-10	< p = 0.05	511.0	0.1388888888888889
84	2	313	713	72	10	62	8.884600417384634e-10	< p = 0.05	513.0	0.1388888888888889
85	2	315	715	73	10	63	5.533320709573682e-10	< p = 0.05	515.0	0.136986301369863
86	2	317	717	73	10	63	5.533320709573682e-10	< p = 0.05	517.0	0.136986301369863
87	2	319	719	72	10	62	8.884600417384634e-10	< p = 0.05	519.0	0.1388888888888889
88	2	321	721	73	10	63	5.533320709573682e-10	< p = 0.05	521.0	0.136986301369863
89	2	323	723	72	10	62	8.884600417384634e-10	< p = 0.05	523.0	0.1388888888888889
90	2	325	725	72	10	62	8.884600417384634e-10	< p = 0.05	525.0	0.1388888888888889
91	2	327	727	70	9	61	5.126298521612369e-10	< p = 0.05	527.0	0.12857142857142856
92	2	329	729	70	9	61	5.126298521612369e-10	< p = 0.05	529.0	0.12857142857142856
93	2	331	731	70	9	61	5.126298521612369e-10	< p = 0.05	531.0	0.12857142857142856
94	2	333	733	69	9	60	8.268865751255804e-10	< p = 0.05	533.0	0.13043478260869565
95	2	335	735	70	9	61	5.126298521612369e-10	< p = 0.05	535.0	0.12857142857142856
96	2	337	737	71	8	63	6.6966229156726e-11	< p = 0.05	537.0	0.11267605633802817
97	2	339	739	70	7	63	2.182226948271294e-11	< p = 0.05	539.0	0.1
98	2	341	741	71	7	64	1.3362681631891425e-11	< p = 0.05	541.0	0.09859154929577464
99	2	343	743	70	7	63	2.182226948271294e-11	< p = 0.05	543.0	0.1
100	2	345	745	72	7	65	8.179618113006655e-12	< p = 0.05	545.0	0.09722222222222222
101	2	347	747	72	7	65	8.179618113006655e-12	< p = 0.05	547.0	0.09722222222222222
102	2	349	749	72	7	65	8.179618113006655e-12	< p = 0.05	549.0	0.09722222222222222
103	2	351	751	72	6	66	1.537459794428033e-12	< p = 0.05	551.0	0.08333333333333333
104	2	353	753	72	6	66	1.537459794428033e-12	< p = 0.05	553.0	0.08333333333333333
105	2	355	755	73	6	67	9.366421910058182e-13	< p = 0.05	555.0	0.0821917808219178
106	2	357	757	73	6	67	9.366421910058182e-13	< p = 0.05	557.0	0.0821917808219178
107	2	359	759	72	6	66	1.537459794428033e-12	< p = 0.05	559.0	0.08333333333333333
108	2	361	761	72	6	66	1.537459794428033e-12	< p = 0.05	561.0	0.08333333333333333
109	2	363	763	72	6	66	1.537459794428033e-12	< p = 0.05	563.0	0.08333333333333333
110	2	365	765	73	6	67	9.366421910058182e-13	< p = 0.05	565.0	0.0821917808219178
111	2	367	767	73	6	67	9.366421910058182e-13	< p = 0.05	567.0	0.0821917808219178
112	2	369	769	72	6	66	1.537459794428033e-12	< p = 0.05	569.0	0.08333333333333333
113	2	371	771	71	6	65	2.5231285399102875e-12	< p = 0.05	571.0	0.08450704225352113
114	2	373	773	72	6	66	1.537459794428033e-12	< p = 0.05	573.0	0.08333333333333333
115	2	375	775	72	6	66	1.537459794428033e-12	< p = 0.05	575.0	0.08333333333333333
116	2	377	777	72	6	66	1.537459794428033e-12	< p = 0.05	577.0	0.08333333333333333
117	2	379	779	73	6	67	9.366421910058182e-13	< p = 0.05	579.0	0.0821917808219178
118	2	381	781	75	6	69	3.474139534229094e-13	< p = 0.05	581.0	0.08
119	2	383	783	75	6	69	3.474139534229094e-13	< p = 0.05	583.0	0.08
120	2	385	785	75	6	69	3.474139534229094e-13	< p = 0.05	585.0	0.08
121	2	387	787	75	6	69	3.474139534229094e-13	< p = 0.05	587.0	0.08
122	2	389	789	75	6	69	3.474139534229094e-13	< p = 0.05	589.0	0.08
123	2	391	791	74	6	68	5.704972111390814e-13	< p = 0.05	591.0	0.08108108108108109
124	2	393	793	74	6	68	5.704972111390814e-13	< p = 0.05	593.0	0.08108108108108109
125	2	395	795	74	6	68	5.704972111390814e-13	< p = 0.05	595.0	0.08108108108108109
126	2	397	797	74	6	68	5.704972111390814e-13	< p = 0.05	597.0	0.08108108108108109
127	2	399	799	73	6	67	9.366421910058182e-13	< p = 0.05	599.0	0.0821917808219178
128	2	401	801	74	6	68	5.704972111390814e-13	< p = 0.05	601.0	0.08108108108108109
129	2	403	803	74	6	68	5.704972111390814e-13	< p = 0.05	603.0	0.08108108108108109
130	2	405	805	74	6	68	5.704972111390814e-13	< p = 0.05	605.0	0.08108108108108109
131	2	407	807	74	5	69	1.0080054620258577e-13	< p = 0.05	607.0	0.06756756756756757
132	2	409	809	74	4	70	1.6888108717880707e-14	< p = 0.05	609.0	0.05405405405405406
133	2	411	811	74	4	70	1.6888108717880707e-14	< p = 0.05	611.0	0.05405405405405406
134	2	413	813	74	4	70	1.6888108717880707e-14	< p = 0.05	613.0	0.05405405405405406
135	2	415	815	74	4	70	1.6888108717880707e-14	< p = 0.05	615.0	0.05405405405405406
136	2	417	817	75	4	71	1.0219611972838976e-14	< p = 0.05	617.0	0.05333333333333334
137	2	419	819	77	5	72	2.2519269961573412e-14	< p = 0.05	619.0	0.06493506493506493
138	2	421	821	78	5	73	1.3661695529943512e-14	< p = 0.05	621.0	0.0641025641025641
139	2	423	823	78	5	73	1.3661695529943512e-14	< p = 0.05	623.0	0.0641025641025641
140	2	425	825	77	5	72	2.2519269961573412e-14	< p = 0.05	625.0	0.06493506493506493
141	2	427	827	77	5	72	2.2519269961573412e-14	< p = 0.05	627.0	0.06493506493506493
142	2	429	829	75	5	70	6.116958198651745e-14	< p = 0.05	629.0	0.06666666666666667
143	2	431	831	76	5	71	3.7116351488224056e-14	< p = 0.05	631.0	0.06578947368421052
144	2	433	833	77	6	71	1.287631627978525e-13	< p = 0.05	633.0	0.07792207792207792
145	2	435	835	77	6	71	1.287631627978525e-13	< p = 0.05	635.0	0.07792207792207792
146	2	437	837	78	6	72	7.836990996709996e-14	< p = 0.05	637.0	0.07692307692307693
147	2	439	839	77	6	71	1.287631627978525e-13	< p = 0.05	639.0	0.07792207792207792
148	2	441	841	77	6	71	1.287631627978525e-13	< p = 0.05	641.0	0.07792207792207792
149	2	443	843	76	6	70	2.115235616495477e-13	< p = 0.05	643.0	0.07894736842105263
150	2	445	845	76	6	70	2.115235616495477e-13	< p = 0.05	645.0	0.07894736842105263
151	2	447	847	75	6	69	3.474139534229094e-13	< p = 0.05	647.0	0.08
152	2	449	849	76	6	70	2.115235616495477e-13	< p = 0.05	649.0	0.07894736842105263
153	2	451	851	76	6	70	2.115235616495477e-13	< p = 0.05	651.0	0.07894736842105263
154	2	453	853	76	6	70	2.115235616495477e-13	< p = 0.05	653.0	0.07894736842105263
155	2	455	855	78	6	72	7.836990996709996e-14	< p = 0.05	655.0	0.07692307692307693
156	2	457	857	77	6	71	1.287631627978525e-13	< p = 0.05	657.0	0.07792207792207792
157	2	459	859	76	6	70	2.115235616495477e-13	< p = 0.05	659.0	0.07894736842105263
158	2	461	861	76	6	70	2.115235616495477e-13	< p = 0.05	661.0	0.07894736842105263
159	2	463	863	76	6	70	2.115235616495477e-13	< p = 0.05	663.0	0.07894736842105263
160	2	465	865	75	6	69	3.474139534229094e-13	< p = 0.05	665.0	0.08
161	2	467	867	75	6	69	3.474139534229094e-13	< p = 0.05	667.0	0.08
162	2	469	869	75	6	69	3.474139534229094e-13	< p = 0.05	669.0	0.08
163	2	471	871	76	6	70	2.115235616495477e-13	< p = 0.05	671.0	0.07894736842105263
164	2	473	873	76	6	70	2.115235616495477e-13	< p = 0.05	673.0	0.07894736842105263
165	2	475	875	77	6	71	1.287631627978525e-13	< p = 0.05	675.0	0.07792207792207792
166	2	477	877	79	6	73	4.7690858411567326e-14	< p = 0.05	677.0	0.0759493670886076
167	2	479	879	77	6	71	1.287631627978525e-13	< p = 0.05	679.0	0.07792207792207792
168	2	481	881	77	6	71	1.287631627978525e-13	< p = 0.05	681.0	0.07792207792207792
169	2	483	883	77	6	71	1.287631627978525e-13	< p = 0.05	683.0	0.07792207792207792
170	2	485	885	78	6	72	7.836990996709996e-14	< p = 0.05	685.0	0.07692307692307693
171	2	487	887	78	6	72	7.836990996709996e-14	< p = 0.05	687.0	0.07692307692307693
172	2	489	889	78	6	72	7.836990996709996e-14	< p = 0.05	689.0	0.07692307692307693
173	2	491	891	79	6	73	4.7690858411567326e-14	< p = 0.05	691.0	0.0759493670886076
174	2	493	893	79	6	73	4.7690858411567326e-14	< p = 0.05	693.0	0.0759493670886076
175	2	495	895	80	7	73	1.5945369908213813e-13	< p = 0.05	695.0	0.0875
176	2	497	897	79	7	72	2.611042662760447e-13	< p = 0.05	697.0	0.08860759493670886
177	2	499	899	79	7	72	2.611042662760447e-13	< p = 0.05	699.0	0.08860759493670886
178	2	501	901	79	7	72	2.611042662760447e-13	< p = 0.05	701.0	0.08860759493670886
179	2	503	903	78	7	71	4.274487840370112e-13	< p = 0.05	703.0	0.08974358974358974
180	2	505	905	78	7	71	4.274487840370112e-13	< p = 0.05	705.0	0.08974358974358974
181	2	507	907	78	7	71	4.274487840370112e-13	< p = 0.05	707.0	0.08974358974358974
182	2	509	909	78	7	71	4.274487840370112e-13	< p = 0.05	709.0	0.08974358974358974
183	2	511	911	78	7	71	4.274487840370112e-13	< p = 0.05	711.0	0.08974358974358974
184	2	513	913	78	7	71	4.274487840370112e-13	< p = 0.05	713.0	0.08974358974358974
185	2	515	915	78	7	71	4.274487840370112e-13	< p = 0.05	715.0	0.08974358974358974
186	2	517	917	79	7	72	2.611042662760447e-13	< p = 0.05	717.0	0.08860759493670886
187	2	519	919	79	7	72	2.611042662760447e-13	< p = 0.05	719.0	0.08860759493670886
188	2	521	921	79	7	72	2.611042662760447e-13	< p = 0.05	721.0	0.08860759493670886
189	2	523	923	79	7	72	2.611042662760447e-13	< p = 0.05	723.0	0.08860759493670886
190	2	525	925	79	7	72	2.611042662760447e-13	< p = 0.05	725.0	0.08860759493670886
191	2	527	927	77	7	70	6.995847403238199e-13	< p = 0.05	727.0	0.09090909090909091
192	2	529	929	79	7	72	2.611042662760447e-13	< p = 0.05	729.0	0.08860759493670886
193	2	531	931	78	6	72	7.836990996709996e-14	< p = 0.05	731.0	0.07692307692307693
194	2	533	933	78	6	72	7.836990996709996e-14	< p = 0.05	733.0	0.07692307692307693
195	2	535	935	77	6	71	1.287631627978525e-13	< p = 0.05	735.0	0.07792207792207792
196	2	537	937	79	6	73	4.7690858411567326e-14	< p = 0.05	737.0	0.0759493670886076
197	2	539	939	79	6	73	4.7690858411567326e-14	< p = 0.05	739.0	0.0759493670886076
198	2	541	941	80	6	74	2.901697212562876e-14	< p = 0.05	741.0	0.075
199	2	543	943	80	6	74	2.901697212562876e-14	< p = 0.05	743.0	0.075
200	2	545	945	81	6	75	1.765237432090714e-14	< p = 0.05	745.0	0.07407407407407407
201	2	547	947	82	6	76	1.0737199381318221e-14	< p = 0.05	747.0	0.07317073170731707
202	2	549	949	83	6	77	6.530078341105824e-15	< p = 0.05	749.0	0.07228915662650602
203	2	551	951	83	6	77	6.530078341105824e-15	< p = 0.05	751.0	0.07228915662650602
204	2	553	953	84	6	78	3.970889003937266e-15	< p = 0.05	753.0	0.07142857142857142
205	2	555	955	84	6	78	3.970889003937266e-15	< p = 0.05	755.0	0.07142857142857142
206	2	557	957	84	6	78	3.970889003937266e-15	< p = 0.05	757.0	0.07142857142857142
207	2	559	959	82	6	76	1.0737199381318221e-14	< p = 0.05	759.0	0.07317073170731707
208	2	561	961	82	6	76	1.0737199381318221e-14	< p = 0.05	761.0	0.07317073170731707
209	2	563	963	81	6	75	1.765237432090714e-14	< p = 0.05	763.0	0.07407407407407407
210	2	565	965	80	6	74	2.901697212562876e-14	< p = 0.05	765.0	0.075
211	2	567	967	79	6	73	4.7690858411567326e-14	< p = 0.05	767.0	0.0759493670886076
212	2	569	969	80	6	74	2.901697212562876e-14	< p = 0.05	769.0	0.075
213	2	571	971	80	6	74	2.901697212562876e-14	< p = 0.05	771.0	0.075
214	2	573	973	80	6	74	2.901697212562876e-14	< p = 0.05	773.0	0.075
215	2	575	975	81	6	75	1.765237432090714e-14	< p = 0.05	775.0	0.07407407407407407
216	2	577	977	81	6	75	1.765237432090714e-14	< p = 0.05	777.0	0.07407407407407407
217	2	579	979	81	6	75	1.765237432090714e-14	< p = 0.05	779.0	0.07407407407407407
218	2	581	981	80	6	74	2.901697212562876e-14	< p = 0.05	781.0	0.075
219	2	583	983	78	5	73	1.3661695529943512e-14	< p = 0.05	783.0	0.0641025641025641
220	2	585	985	80	5	75	5.02685615374105e-15	< p = 0.05	785.0	0.0625
221	2	587	987	80	5	75	5.02685615374105e-15	< p = 0.05	787.0	0.0625
222	2	589	989	80	5	75	5.02685615374105e-15	< p = 0.05	789.0	0.0625
223	2	591	991	80	5	75	5.02685615374105e-15	< p = 0.05	791.0	0.0625
224	2	593	993	81	5	76	3.0488881880005568e-15	< p = 0.05	793.0	0.06172839506172839
225	2	595	995	81	5	76	3.0488881880005568e-15	< p = 0.05	795.0	0.06172839506172839
226	2	597	997	82	5	77	1.8490760597155742e-15	< p = 0.05	797.0	0.06097560975609756
227	2	599	999	82	5	77	1.8490760597155742e-15	< p = 0.05	799.0	0.06097560975609756
228	2	601	1001	83	5	78	1.1213412693159982e-15	< p = 0.05	801.0	0.060240963855421686
229	2	603	1003	83	5	78	1.1213412693159982e-15	< p = 0.05	803.0	0.060240963855421686
230	2	605	1005	84	5	79	6.799735547341735e-16	< p = 0.05	805.0	0.05952380952380952
231	2	607	1007	83	5	78	1.1213412693159982e-15	< p = 0.05	807.0	0.060240963855421686
232	2	609	1009	82	5	77	1.8490760597155742e-15	< p = 0.05	809.0	0.06097560975609756
233	2	611	1011	83	5	78	1.1213412693159982e-15	< p = 0.05	811.0	0.060240963855421686
234	2	613	1013	83	5	78	1.1213412693159982e-15	< p = 0.05	813.0	0.060240963855421686
235	2	615	1015	83	5	78	1.1213412693159982e-15	< p = 0.05	815.0	0.060240963855421686
236	2	617	1017	82	5	77	1.8490760597155742e-15	< p = 0.05	817.0	0.06097560975609756
237	2	619	1019	81	5	76	3.0488881880005568e-15	< p = 0.05	819.0	0.06172839506172839
238	2	621	1021	82	5	77	1.8490760597155742e-15	< p = 0.05	821.0	0.06097560975609756
239	2	623	1023	82	5	77	1.8490760597155742e-15	< p = 0.05	823.0	0.06097560975609756
240	2	625	1025	81	5	76	3.0488881880005568e-15	< p = 0.05	825.0	0.06172839506172839
241	2	627	1027	80	5	75	5.02685615374105e-15	< p = 0.05	827.0	0.0625
242	2	629	1029	81	5	76	3.0488881880005568e-15	< p = 0.05	829.0	0.06172839506172839
243	2	631	1031	81	5	76	3.0488881880005568e-15	< p = 0.05	831.0	0.06172839506172839
244	2	633	1033	82	5	77	1.8490760597155742e-15	< p = 0.05	833.0	0.06097560975609756
245	2	635	1035	82	5	77	1.8490760597155742e-15	< p = 0.05	835.0	0.06097560975609756
246	2	637	1037	82	5	77	1.8490760597155742e-15	< p = 0.05	837.0	0.06097560975609756
247	2	639	1039	82	5	77	1.8490760597155742e-15	< p = 0.05	839.0	0.06097560975609756
248	2	641	1041	81	5	76	3.0488881880005568e-15	< p = 0.05	841.0	0.06172839506172839
249	2	643	1043	82	5	77	1.8490760597155742e-15	< p = 0.05	843.0	0.06097560975609756
250	2	645	1045	84	5	79	6.799735547341735e-16	< p = 0.05	845.0	0.05952380952380952
251	2	647	1047	85	5	80	4.1230517372857194e-16	< p = 0.05	847.0	0.058823529411764705
252	2	649	1049	85	6	79	2.4143568444669768e-15	< p = 0.05	849.0	0.07058823529411765
253	2	651	1051	85	6	79	2.4143568444669768e-15	< p = 0.05	851.0	0.07058823529411765
254	2	653	1053	86	6	80	1.4677827667357818e-15	< p = 0.05	853.0	0.06976744186046512
255	2	655	1055	86	6	80	1.4677827667357818e-15	< p = 0.05	855.0	0.06976744186046512
256	2	657	1057	86	6	80	1.4677827667357818e-15	< p = 0.05	857.0	0.06976744186046512
257	2	659	1059	86	6	80	1.4677827667357818e-15	< p = 0.05	859.0	0.06976744186046512
258	2	661	1061	88	6	82	5.422889490378968e-16	< p = 0.05	861.0	0.06818181818181818
259	2	663	1063	88	6	82	5.422889490378968e-16	< p = 0.05	863.0	0.06818181818181818
260	2	665	1065	88	6	82	5.422889490378968e-16	< p = 0.05	865.0	0.06818181818181818
261	2	667	1067	88	6	82	5.422889490378968e-16	< p = 0.05	867.0	0.06818181818181818
262	2	669	1069	88	6	82	5.422889490378968e-16	< p = 0.05	869.0	0.06818181818181818
263	2	671	1071	88	6	82	5.422889490378968e-16	< p = 0.05	871.0	0.06818181818181818
264	2	673	1073	88	6	82	5.422889490378968e-16	< p = 0.05	873.0	0.06818181818181818
265	2	675	1075	87	6	81	8.922177690267467e-16	< p = 0.05	875.0	0.06896551724137931
266	2	677	1077	86	5	81	2.4998812545585953e-16	< p = 0.05	877.0	0.05813953488372093
267	2	679	1079	86	5	81	2.4998812545585953e-16	< p = 0.05	879.0	0.05813953488372093
268	2	681	1081	85	5	80	4.1230517372857194e-16	< p = 0.05	881.0	0.058823529411764705
269	2	683	1083	86	5	81	2.4998812545585953e-16	< p = 0.05	883.0	0.05813953488372093
270	2	685	1085	86	5	81	2.4998812545585953e-16	< p = 0.05	885.0	0.05813953488372093
271	2	687	1087	85	5	80	4.1230517372857194e-16	< p = 0.05	887.0	0.058823529411764705
272	2	689	1089	85	5	80	4.1230517372857194e-16	< p = 0.05	889.0	0.058823529411764705
273	2	691	1091	83	5	78	1.1213412693159982e-15	< p = 0.05	891.0	0.060240963855421686
274	2	693	1093	81	5	76	3.0488881880005568e-15	< p = 0.05	893.0	0.06172839506172839
275	2	695	1095	81	5	76	3.0488881880005568e-15	< p = 0.05	895.0	0.06172839506172839
276	2	697	1097	81	5	76	3.0488881880005568e-15	< p = 0.05	897.0	0.06172839506172839
277	2	699	1099	82	5	77	1.8490760597155742e-15	< p = 0.05	899.0	0.06097560975609756
278	2	701	1101	83	5	78	1.1213412693159982e-15	< p = 0.05	901.0	0.060240963855421686
279	2	703	1103	82	5	77	1.8490760597155742e-15	< p = 0.05	903.0	0.06097560975609756
280	2	705	1105	82	5	77	1.8490760597155742e-15	< p = 0.05	905.0	0.06097560975609756
281	2	707	1107	83	6	77	6.530078341105824e-15	< p = 0.05	907.0	0.07228915662650602
282	2	709	1109	83	6	77	6.530078341105824e-15	< p = 0.05	909.0	0.07228915662650602
283	2	711	1111	83	6	77	6.530078341105824e-15	< p = 0.05	911.0	0.07228915662650602
284	2	713	1113	84	6	78	3.970889003937266e-15	< p = 0.05	913.0	0.07142857142857142
285	2	715	1115	84	6	78	3.970889003937266e-15	< p = 0.05	915.0	0.07142857142857142
286	2	717	1117	85	7	78	1.3497247100572006e-14	< p = 0.05	917.0	0.08235294117647059
287	2	719	1119	85	7	78	1.3497247100572006e-14	< p = 0.05	919.0	0.08235294117647059
288	2	721	1121	86	7	79	8.231808356348022e-15	< p = 0.05	921.0	0.08139534883720931
289	2	723	1123	85	7	78	1.3497247100572006e-14	< p = 0.05	923.0	0.08235294117647059
290	2	725	1125	86	8	78	4.4099612067271745e-14	< p = 0.05	925.0	0.09302325581395349
291	2	727	1127	86	8	78	4.4099612067271745e-14	< p = 0.05	927.0	0.09302325581395349
292	2	729	1129	87	8	79	2.6988865519036968e-14	< p = 0.05	929.0	0.09195402298850575
293	2	731	1131	87	8	79	2.6988865519036968e-14	< p = 0.05	931.0	0.09195402298850575
294	2	733	1133	88	8	80	1.6512753109844268e-14	< p = 0.05	933.0	0.09090909090909091
295	2	735	1135	87	8	79	2.6988865519036968e-14	< p = 0.05	935.0	0.09195402298850575
296	2	737	1137	85	8	77	7.203865304395824e-14	< p = 0.05	937.0	0.09411764705882353
297	2	739	1139	86	8	78	4.4099612067271745e-14	< p = 0.05	939.0	0.09302325581395349
298	2	741	1141	86	9	77	2.2568177121722568e-13	< p = 0.05	941.0	0.10465116279069768
299	2	743	1143	87	10	77	6.812130158529087e-13	< p = 0.05	943.0	0.11494252873563218
300	2	745	1145	86	10	76	1.1033106352701275e-12	< p = 0.05	945.0	0.11627906976744186
301	2	747	1147	85	10	75	1.7860961109805938e-12	< p = 0.05	947.0	0.11764705882352941
302	2	749	1149	85	10	75	1.7860961109805938e-12	< p = 0.05	949.0	0.11764705882352941
303	2	751	1151	84	10	74	2.8899902477129196e-12	< p = 0.05	951.0	0.11904761904761904
304	2	753	1153	85	10	75	1.7860961109805938e-12	< p = 0.05	953.0	0.11764705882352941
305	2	755	1155	84	10	74	2.8899902477129196e-12	< p = 0.05	955.0	0.11904761904761904
306	2	757	1157	84	10	74	2.8899902477129196e-12	< p = 0.05	957.0	0.11904761904761904
307	2	759	1159	84	11	73	1.3353534438911957e-11	< p = 0.05	959.0	0.13095238095238096
308	2	761	1161	85	11	74	8.297770952921056e-12	< p = 0.05	961.0	0.12941176470588237
309	2	763	1163	85	11	74	8.297770952921056e-12	< p = 0.05	963.0	0.12941176470588237
310	2	765	1165	85	11	74	8.297770952921056e-12	< p = 0.05	965.0	0.12941176470588237
311	2	767	1167	86	11	75	5.152969348806709e-12	< p = 0.05	967.0	0.12790697674418605
312	2	769	1169	86	11	75	5.152969348806709e-12	< p = 0.05	969.0	0.12790697674418605
313	2	771	1171	86	11	75	5.152969348806709e-12	< p = 0.05	971.0	0.12790697674418605
314	2	773	1173	86	11	75	5.152969348806709e-12	< p = 0.05	973.0	0.12790697674418605
315	2	775	1175	85	11	74	8.297770952921056e-12	< p = 0.05	975.0	0.12941176470588237
316	2	777	1177	86	11	75	5.152969348806709e-12	< p = 0.05	977.0	0.12790697674418605
317	2	779	1179	85	11	74	8.297770952921056e-12	< p = 0.05	979.0	0.12941176470588237
318	2	781	1181	84	11	73	1.3353534438911957e-11	< p = 0.05	981.0	0.13095238095238096
319	2	783	1183	83	11	72	2.147593354539581e-11	< p = 0.05	983.0	0.13253012048192772
320	2	785	1185	83	11	72	2.147593354539581e-11	< p = 0.05	985.0	0.13253012048192772
321	2	787	1187	83	11	72	2.147593354539581e-11	< p = 0.05	987.0	0.13253012048192772
322	2	789	1189	83	11	72	2.147593354539581e-11	< p = 0.05	989.0	0.13253012048192772
323	2	791	1191	82	11	71	3.4515848518977525e-11	< p = 0.05	991.0	0.13414634146341464
324	2	793	1193	83	11	72	2.147593354539581e-11	< p = 0.05	993.0	0.13253012048192772
325	2	795	1195	86	11	75	5.152969348806709e-12	< p = 0.05	995.0	0.12790697674418605
326	2	797	1197	86	11	75	5.152969348806709e-12	< p = 0.05	997.0	0.12790697674418605
327	2	799	1199	86	11	75	5.152969348806709e-12	< p = 0.05	999.0	0.12790697674418605
328	2	801	1201	86	11	75	5.152969348806709e-12	< p = 0.05	1001.0	0.12790697674418605
329	2	803	1203	86	12	74	2.299302557947464e-11	< p = 0.05	1003.0	0.13953488372093023
330	2	805	1205	87	12	75	1.4351762202660347e-11	< p = 0.05	1005.0	0.13793103448275862
331	2	807	1207	86	12	74	2.299302557947464e-11	< p = 0.05	1007.0	0.13953488372093023
332	2	809	1209	86	12	74	2.299302557947464e-11	< p = 0.05	1009.0	0.13953488372093023
333	2	811	1211	87	12	75	1.4351762202660347e-11	< p = 0.05	1011.0	0.13793103448275862
334	2	813	1213	87	12	75	1.4351762202660347e-11	< p = 0.05	1013.0	0.13793103448275862
335	2	815	1215	87	12	75	1.4351762202660347e-11	< p = 0.05	1015.0	0.13793103448275862
336	2	817	1217	87	12	75	1.4351762202660347e-11	< p = 0.05	1017.0	0.13793103448275862
337	2	819	1219	84	11	73	1.3353534438911957e-11	< p = 0.05	1019.0	0.13095238095238096
338	2	821	1221	84	11	73	1.3353534438911957e-11	< p = 0.05	1021.0	0.13095238095238096
339	2	823	1223	84	12	72	5.888668049571963e-11	< p = 0.05	1023.0	0.14285714285714285
340	2	825	1225	84	12	72	5.888668049571963e-11	< p = 0.05	1025.0	0.14285714285714285
341	2	827	1227	84	12	72	5.888668049571963e-11	< p = 0.05	1027.0	0.14285714285714285
342	2	829	1229	85	13	72	1.5593915931912643e-10	< p = 0.05	1029.0	0.15294117647058825
343	2	831	1231	86	13	73	9.802471696469724e-11	< p = 0.05	1031.0	0.1511627906976744
344	2	833	1233	86	13	73	9.802471696469724e-11	< p = 0.05	1033.0	0.1511627906976744
345	2	835	1235	85	12	73	3.6810399678451016e-11	< p = 0.05	1035.0	0.1411764705882353
346	2	837	1237	85	13	72	1.5593915931912643e-10	< p = 0.05	1037.0	0.15294117647058825
347	2	839	1239	85	13	72	1.5593915931912643e-10	< p = 0.05	1039.0	0.15294117647058825
348	2	841	1241	85	13	72	1.5593915931912643e-10	< p = 0.05	1041.0	0.15294117647058825
349	2	843	1243	85	13	72	1.5593915931912643e-10	< p = 0.05	1043.0	0.15294117647058825
350	2	845	1245	85	13	72	1.5593915931912643e-10	< p = 0.05	1045.0	0.15294117647058825
351	2	847	1247	85	13	72	1.5593915931912643e-10	< p = 0.05	1047.0	0.15294117647058825
352	2	849	1249	84	13	71	2.4784664682545565e-10	< p = 0.05	1049.0	0.15476190476190477
353	2	851	1251	84	13	71	2.4784664682545565e-10	< p = 0.05	1051.0	0.15476190476190477
354	2	853	1253	86	15	71	1.5542307699991917e-09	< p = 0.05	1053.0	0.1744186046511628
355	2	855	1255	84	15	69	3.8181940490842206e-09	< p = 0.05	1055.0	0.17857142857142858
356	2	857	1257	84	15	69	3.8181940490842206e-09	< p = 0.05	1057.0	0.17857142857142858
357	2	859	1259	84	15	69	3.8181940490842206e-09	< p = 0.05	1059.0	0.17857142857142858
358	2	861	1261	84	15	69	3.8181940490842206e-09	< p = 0.05	1061.0	0.17857142857142858
359	2	863	1263	85	16	69	8.995502348229611e-09	< p = 0.05	1063.0	0.18823529411764706
360	2	865	1265	85	16	69	8.995502348229611e-09	< p = 0.05	1065.0	0.18823529411764706
361	2	867	1267	84	16	68	1.3977422371435166e-08	< p = 0.05	1067.0	0.19047619047619047
362	2	869	1269	85	17	68	3.170937449416033e-08	< p = 0.05	1069.0	0.2
363	2	871	1271	84	17	67	4.884973059456466e-08	< p = 0.05	1071.0	0.20238095238095238
364	2	873	1273	85	17	68	3.170937449416033e-08	< p = 0.05	1073.0	0.2
365	2	875	1275	86	18	68	6.981805362088631e-08	< p = 0.05	1075.0	0.20930232558139536
366	2	877	1277	86	19	67	2.2672610820092223e-07	< p = 0.05	1077.0	0.22093023255813954
367	2	879	1279	85	19	66	3.4350426594690923e-07	< p = 0.05	1079.0	0.2235294117647059
368	2	881	1281	85	19	66	3.4350426594690923e-07	< p = 0.05	1081.0	0.2235294117647059
369	2	883	1283	85	19	66	3.4350426594690923e-07	< p = 0.05	1083.0	0.2235294117647059
370	2	885	1285	86	19	67	2.2672610820092223e-07	< p = 0.05	1085.0	0.22093023255813954
371	2	887	1287	85	19	66	3.4350426594690923e-07	< p = 0.05	1087.0	0.2235294117647059
372	2	889	1289	84	19	65	5.193804760844568e-07	< p = 0.05	1089.0	0.2261904761904762
373	2	891	1291	84	19	65	5.193804760844568e-07	< p = 0.05	1091.0	0.2261904761904762
374	2	893	1293	84	19	65	5.193804760844568e-07	< p = 0.05	1093.0	0.2261904761904762
375	2	895	1295	83	18	65	2.483781124467742e-07	< p = 0.05	1095.0	0.21686746987951808
376	2	897	1297	84	18	66	1.6300506876553433e-07	< p = 0.05	1097.0	0.21428571428571427
377	2	899	1299	83	18	65	2.483781124467742e-07	< p = 0.05	1099.0	0.21686746987951808
378	2	901	1301	83	18	65	2.483781124467742e-07	< p = 0.05	1101.0	0.21686746987951808
379	2	903	1303	83	18	65	2.483781124467742e-07	< p = 0.05	1103.0	0.21686746987951808
380	2	905	1305	84	18	66	1.6300506876553433e-07	< p = 0.05	1105.0	0.21428571428571427
381	2	907	1307	84	18	66	1.6300506876553433e-07	< p = 0.05	1107.0	0.21428571428571427
382	2	909	1309	84	18	66	1.6300506876553433e-07	< p = 0.05	1109.0	0.21428571428571427
383	2	911	1311	84	18	66	1.6300506876553433e-07	< p = 0.05	1111.0	0.21428571428571427
384	2	913	1313	83	18	65	2.483781124467742e-07	< p = 0.05	1113.0	0.21686746987951808
385	2	915	1315	84	18	66	1.6300506876553433e-07	< p = 0.05	1115.0	0.21428571428571427
386	2	917	1317	84	18	66	1.6300506876553433e-07	< p = 0.05	1117.0	0.21428571428571427
387	2	919	1319	83	18	65	2.483781124467742e-07	< p = 0.05	1119.0	0.21686746987951808
388	2	921	1321	83	18	65	2.483781124467742e-07	< p = 0.05	1121.0	0.21686746987951808
389	2	923	1323	83	18	65	2.483781124467742e-07	< p = 0.05	1123.0	0.21686746987951808
390	2	925	1325	83	18	65	2.483781124467742e-07	< p = 0.05	1125.0	0.21686746987951808
391	2	927	1327	83	18	65	2.483781124467742e-07	< p = 0.05	1127.0	0.21686746987951808
392	2	929	1329	83	19	64	7.836665326361737e-07	< p = 0.05	1129.0	0.2289156626506024
393	2	931	1331	82	19	63	1.179877919211592e-06	< p = 0.05	1131.0	0.23170731707317074
394	2	933	1333	84	19	65	5.193804760844568e-07	< p = 0.05	1133.0	0.2261904761904762
395	2	935	1335	85	20	65	1.055838803028481e-06	< p = 0.05	1135.0	0.23529411764705882
396	2	937	1337	83	20	63	2.3600332915243354e-06	< p = 0.05	1137.0	0.24096385542168675
397	2	939	1339	83	20	63	2.3600332915243354e-06	< p = 0.05	1139.0	0.24096385542168675
398	2	941	1341	82	20	62	3.5158567791645413e-06	< p = 0.05	1141.0	0.24390243902439024
399	2	943	1343	82	20	62	3.5158567791645413e-06	< p = 0.05	1143.0	0.24390243902439024
400	2	945	1345	81	20	61	5.224730393658932e-06	< p = 0.05	1145.0	0.24691358024691357
401	2	947	1347	80	20	60	7.744216431044088e-06	< p = 0.05	1147.0	0.25
402	2	949	1349	80	20	60	7.744216431044088e-06	< p = 0.05	1149.0	0.25
403	2	951	1351	79	20	59	1.1448046213754177e-05	< p = 0.05	1151.0	0.25316455696202533
404	2	953	1353	80	20	60	7.744216431044088e-06	< p = 0.05	1153.0	0.25
405	2	955	1355	79	20	59	1.1448046213754177e-05	< p = 0.05	1155.0	0.25316455696202533
406	2	957	1357	80	20	60	7.744216431044088e-06	< p = 0.05	1157.0	0.25
407	2	959	1359	80	20	60	7.744216431044088e-06	< p = 0.05	1159.0	0.25
408	2	961	1361	81	20	61	5.224730393658932e-06	< p = 0.05	1161.0	0.24691358024691357
409	2	963	1363	82	20	62	3.5158567791645413e-06	< p = 0.05	1163.0	0.24390243902439024
410	2	965	1365	84	20	64	1.5803810075577803e-06	< p = 0.05	1165.0	0.23809523809523808
411	2	967	1367	84	20	64	1.5803810075577803e-06	< p = 0.05	1167.0	0.23809523809523808
412	2	969	1369	85	20	65	1.055838803028481e-06	< p = 0.05	1169.0	0.23529411764705882
413	2	971	1371	83	20	63	2.3600332915243354e-06	< p = 0.05	1171.0	0.24096385542168675
414	2	973	1373	83	20	63	2.3600332915243354e-06	< p = 0.05	1173.0	0.24096385542168675
415	2	975	1375	83	21	62	6.784656077124217e-06	< p = 0.05	1175.0	0.25301204819277107
416	2	977	1377	83	21	62	6.784656077124217e-06	< p = 0.05	1177.0	0.25301204819277107
417	2	979	1379	83	21	62	6.784656077124217e-06	< p = 0.05	1179.0	0.25301204819277107
418	2	981	1381	83	21	62	6.784656077124217e-06	< p = 0.05	1181.0	0.25301204819277107
419	2	983	1383	83	21	62	6.784656077124217e-06	< p = 0.05	1183.0	0.25301204819277107
420	2	985	1385	82	21	61	9.995948132466275e-06	< p = 0.05	1185.0	0.25609756097560976
421	2	987	1387	82	22	60	2.711935227265403e-05	< p = 0.05	1187.0	0.2682926829268293
422	2	989	1389	83	22	61	1.862175242030997e-05	< p = 0.05	1189.0	0.26506024096385544
423	2	991	1391	82	21	61	9.995948132466275e-06	< p = 0.05	1191.0	0.25609756097560976
424	2	993	1393	82	21	61	9.995948132466275e-06	< p = 0.05	1193.0	0.25609756097560976
425	2	995	1395	82	21	61	9.995948132466275e-06	< p = 0.05	1195.0	0.25609756097560976
426	2	997	1397	81	21	60	1.4686847673789383e-05	< p = 0.05	1197.0	0.25925925925925924
427	2	999	1399	81	21	60	1.4686847673789383e-05	< p = 0.05	1199.0	0.25925925925925924
428	2	1001	1401	81	21	60	1.4686847673789383e-05	< p = 0.05	1201.0	0.25925925925925924
429	2	1003	1403	80	21	59	2.1517864378120177e-05	< p = 0.05	1203.0	0.2625
430	2	1005	1405	81	22	59	3.937596436316891e-05	< p = 0.05	1205.0	0.2716049382716049
431	2	1007	1407	81	22	59	3.937596436316891e-05	< p = 0.05	1207.0	0.2716049382716049
432	2	1009	1409	81	22	59	3.937596436316891e-05	< p = 0.05	1209.0	0.2716049382716049
433	2	1011	1411	80	22	58	5.699411623331848e-05	< p = 0.05	1211.0	0.275
434	2	1013	1413	81	22	59	3.937596436316891e-05	< p = 0.05	1213.0	0.2716049382716049
435	2	1015	1415	81	22	59	3.937596436316891e-05	< p = 0.05	1215.0	0.2716049382716049
436	2	1017	1417	82	23	59	7.022123314222527e-05	< p = 0.05	1217.0	0.2804878048780488
437	2	1019	1419	82	23	59	7.022123314222527e-05	< p = 0.05	1219.0	0.2804878048780488
438	2	1021	1421	82	23	59	7.022123314222527e-05	< p = 0.05	1221.0	0.2804878048780488
439	2	1023	1423	81	23	58	0.00010070420585357005	< p = 0.05	1223.0	0.2839506172839506
440	2	1025	1425	83	23	60	4.8804893241909816e-05	< p = 0.05	1225.0	0.27710843373493976
441	2	1027	1427	81	23	58	0.00010070420585357005	< p = 0.05	1227.0	0.2839506172839506
442	2	1029	1429	80	23	57	0.00014392985649715713	< p = 0.05	1229.0	0.2875
443	2	1031	1431	80	23	57	0.00014392985649715713	< p = 0.05	1231.0	0.2875
444	2	1033	1433	81	23	58	0.00010070420585357005	< p = 0.05	1233.0	0.2839506172839506
445	2	1035	1435	80	23	57	0.00014392985649715713	< p = 0.05	1235.0	0.2875
446	2	1037	1437	80	23	57	0.00014392985649715713	< p = 0.05	1237.0	0.2875
447	2	1039	1439	80	23	57	0.00014392985649715713	< p = 0.05	1239.0	0.2875
448	2	1041	1441	80	23	57	0.00014392985649715713	< p = 0.05	1241.0	0.2875
449	2	1043	1443	79	23	56	0.00020498690927035955	< p = 0.05	1243.0	0.2911392405063291
450	2	1045	1445	77	23	54	0.00041121782685697836	< p = 0.05	1245.0	0.2987012987012987
451	2	1047	1447	76	23	53	0.0005790632172192773	< p = 0.05	1247.0	0.3026315789473684
452	2	1049	1449	78	24	54	0.0006817102933708401	< p = 0.05	1249.0	0.3076923076923077
453	2	1051	1451	77	23	54	0.00041121782685697836	< p = 0.05	1251.0	0.2987012987012987
454	2	1053	1453	77	23	54	0.00041121782685697836	< p = 0.05	1253.0	0.2987012987012987
455	2	1055	1455	75	23	52	0.0008121171348941297	< p = 0.05	1255.0	0.30666666666666664
456	2	1057	1457	76	23	53	0.0005790632172192773	< p = 0.05	1257.0	0.3026315789473684
457	2	1059	1459	76	23	53	0.0005790632172192773	< p = 0.05	1259.0	0.3026315789473684
458	2	1061	1461	78	24	54	0.0006817102933708401	< p = 0.05	1261.0	0.3076923076923077
459	2	1063	1463	77	25	52	0.0020914050461957132	< p = 0.05	1263.0	0.3246753246753247
460	2	1065	1465	77	25	52	0.0020914050461957132	< p = 0.05	1265.0	0.3246753246753247
461	2	1067	1467	77	25	52	0.0020914050461957132	< p = 0.05	1267.0	0.3246753246753247
462	2	1069	1469	78	25	53	0.0015224195555604972	< p = 0.05	1269.0	0.32051282051282054
463	2	1071	1471	78	25	53	0.0015224195555604972	< p = 0.05	1271.0	0.32051282051282054
464	2	1073	1473	79	25	54	0.0011033489413063281	< p = 0.05	1273.0	0.31645569620253167
465	2	1075	1475	79	25	54	0.0011033489413063281	< p = 0.05	1275.0	0.31645569620253167
466	2	1077	1477	80	25	55	0.0007962301575908105	< p = 0.05	1277.0	0.3125
467	2	1079	1479	80	25	55	0.0007962301575908105	< p = 0.05	1279.0	0.3125
468	2	1081	1481	80	25	55	0.0007962301575908105	< p = 0.05	1281.0	0.3125
469	2	1083	1483	79	25	54	0.0011033489413063281	< p = 0.05	1283.0	0.31645569620253167
470	2	1085	1485	80	25	55	0.0007962301575908105	< p = 0.05	1285.0	0.3125
471	2	1087	1487	80	25	55	0.0007962301575908105	< p = 0.05	1287.0	0.3125
472	2	1089	1489	80	25	55	0.0007962301575908105	< p = 0.05	1289.0	0.3125
473	2	1091	1491	80	25	55	0.0007962301575908105	< p = 0.05	1291.0	0.3125
474	2	1093	1493	80	25	55	0.0007962301575908105	< p = 0.05	1293.0	0.3125
475	2	1095	1495	80	25	55	0.0007962301575908105	< p = 0.05	1295.0	0.3125
476	2	1097	1497	80	25	55	0.0007962301575908105	< p = 0.05	1297.0	0.3125
477	2	1099	1499	79	25	54	0.0011033489413063281	< p = 0.05	1299.0	0.31645569620253167
478	2	1101	1501	79	25	54	0.0011033489413063281	< p = 0.05	1301.0	0.31645569620253167
479	2	1103	1503	78	25	53	0.0015224195555604972	< p = 0.05	1303.0	0.32051282051282054
480	2	1105	1505	78	25	53	0.0015224195555604972	< p = 0.05	1305.0	0.32051282051282054
481	2	1107	1507	76	24	52	0.0013189686125793603	< p = 0.05	1307.0	0.3157894736842105
482	2	1109	1509	77	25	52	0.0020914050461957132	< p = 0.05	1309.0	0.3246753246753247
483	2	1111	1511	78	26	52	0.003240834571518678	< p = 0.05	1311.0	0.3333333333333333
484	2	1113	1513	78	27	51	0.006578413612826346	< p = 0.05	1313.0	0.34615384615384615
485	2	1115	1515	77	27	50	0.008764828179775055	< p = 0.05	1315.0	0.35064935064935066
486	2	1117	1517	78	27	51	0.006578413612826346	< p = 0.05	1317.0	0.34615384615384615
487	2	1119	1519	79	27	52	0.004912444427571564	< p = 0.05	1319.0	0.34177215189873417
488	2	1121	1521	78	27	51	0.006578413612826346	< p = 0.05	1321.0	0.34615384615384615
489	2	1123	1523	79	28	51	0.009661847869030578	< p = 0.05	1323.0	0.35443037974683544
490	2	1125	1525	79	28	51	0.009661847869030578	< p = 0.05	1325.0	0.35443037974683544
491	2	1127	1527	79	28	51	0.009661847869030578	< p = 0.05	1327.0	0.35443037974683544
492	2	1129	1529	78	28	50	0.012738072274857468	< p = 0.05	1329.0	0.358974358974359
493	2	1131	1531	78	28	50	0.012738072274857468	< p = 0.05	1331.0	0.358974358974359
494	2	1133	1533	77	28	49	0.016703403847161527	< p = 0.05	1333.0	0.36363636363636365
495	2	1135	1535	77	28	49	0.016703403847161527	< p = 0.05	1335.0	0.36363636363636365
496	2	1137	1537	78	28	50	0.012738072274857468	< p = 0.05	1337.0	0.358974358974359
497	2	1139	1539	78	28	50	0.012738072274857468	< p = 0.05	1339.0	0.358974358974359
498	2	1141	1541	78	28	50	0.012738072274857468	< p = 0.05	1341.0	0.358974358974359
499	2	1143	1543	76	26	50	0.00590539153259325	< p = 0.05	1343.0	0.34210526315789475
500	2	1145	1545	76	26	50	0.00590539153259325	< p = 0.05	1345.0	0.34210526315789475
501	2	1147	1547	76	26	50	0.00590539153259325	< p = 0.05	1347.0	0.34210526315789475
502	2	1149	1549	76	26	50	0.00590539153259325	< p = 0.05	1349.0	0.34210526315789475
503	2	1151	1551	76	26	50	0.00590539153259325	< p = 0.05	1351.0	0.34210526315789475
504	2	1153	1553	76	26	50	0.00590539153259325	< p = 0.05	1353.0	0.34210526315789475
505	2	1155	1555	75	26	49	0.00791178868071145	< p = 0.05	1355.0	0.3466666666666667
506	2	1157	1557	76	26	50	0.00590539153259325	< p = 0.05	1357.0	0.34210526315789475
507	2	1159	1559	75	25	50	0.003892417122778637	< p = 0.05	1359.0	0.3333333333333333
508	2	1161	1561	77	26	51	0.00438548939209379	< p = 0.05	1361.0	0.33766233766233766
509	2	1163	1563	76	26	50	0.00590539153259325	< p = 0.05	1363.0	0.34210526315789475
510	2	1165	1565	77	26	51	0.00438548939209379	< p = 0.05	1365.0	0.33766233766233766
511	2	1167	1567	75	26	49	0.00791178868071145	< p = 0.05	1367.0	0.3466666666666667
512	2	1169	1569	75	26	49	0.00791178868071145	< p = 0.05	1369.0	0.3466666666666667
513	2	1171	1571	75	26	49	0.00791178868071145	< p = 0.05	1371.0	0.3466666666666667
514	2	1173	1573	75	26	49	0.00791178868071145	< p = 0.05	1373.0	0.3466666666666667
515	2	1175	1575	76	26	50	0.00590539153259325	< p = 0.05	1375.0	0.34210526315789475
516	2	1177	1577	77	27	50	0.008764828179775055	< p = 0.05	1377.0	0.35064935064935066
517	2	1179	1579	76	27	49	0.011616891434158384	< p = 0.05	1379.0	0.35526315789473684
518	2	1181	1581	77	27	50	0.008764828179775055	< p = 0.05	1381.0	0.35064935064935066
519	2	1183	1583	77	27	50	0.008764828179775055	< p = 0.05	1383.0	0.35064935064935066
520	2	1185	1585	77	27	50	0.008764828179775055	< p = 0.05	1385.0	0.35064935064935066
521	2	1187	1587	77	27	50	0.008764828179775055	< p = 0.05	1387.0	0.35064935064935066
522	2	1189	1589	78	27	51	0.006578413612826346	< p = 0.05	1389.0	0.34615384615384615
523	2	1191	1591	79	28	51	0.009661847869030578	< p = 0.05	1391.0	0.35443037974683544
524	2	1193	1593	79	29	50	0.01814310346496376	< p = 0.05	1393.0	0.3670886075949367
525	2	1195	1595	76	29	47	0.03894745574202525	< p = 0.05	1395.0	0.3815789473684211
526	2	1197	1597	76	29	47	0.03894745574202525	< p = 0.05	1397.0	0.3815789473684211
527	2	1199	1599	76	29	47	0.03894745574202525	< p = 0.05	1399.0	0.3815789473684211
528	2	1201	1601	77	29	48	0.030368472234254	< p = 0.05	1401.0	0.37662337662337664
529	2	1203	1603	76	28	48	0.021781462791119595	< p = 0.05	1403.0	0.3684210526315789
530	2	1205	1605	75	28	47	0.028240368733300433	< p = 0.05	1405.0	0.37333333333333335
531	2	1207	1607	76	28	48	0.021781462791119595	< p = 0.05	1407.0	0.3684210526315789
532	2	1209	1609	76	28	48	0.021781462791119595	< p = 0.05	1409.0	0.3684210526315789
533	2	1211	1611	75	28	47	0.028240368733300433	< p = 0.05	1411.0	0.37333333333333335
534	2	1213	1613	76	28	48	0.021781462791119595	< p = 0.05	1413.0	0.3684210526315789
535	2	1215	1615	76	28	48	0.021781462791119595	< p = 0.05	1415.0	0.3684210526315789
536	2	1217	1617	76	28	48	0.021781462791119595	< p = 0.05	1417.0	0.3684210526315789
537	2	1219	1619	76	28	48	0.021781462791119595	< p = 0.05	1419.0	0.3684210526315789
538	2	1221	1621	76	28	48	0.021781462791119595	< p = 0.05	1421.0	0.3684210526315789
539	2	1223	1623	76	27	49	0.011616891434158384	< p = 0.05	1423.0	0.35526315789473684
540	2	1225	1625	76	27	49	0.011616891434158384	< p = 0.05	1425.0	0.35526315789473684
541	2	1227	1627	76	27	49	0.011616891434158384	< p = 0.05	1427.0	0.35526315789473684
542	2	1229	1629	75	26	49	0.00791178868071145	< p = 0.05	1429.0	0.3466666666666667
543	2	1231	1631	73	26	47	0.013976605613143227	< p = 0.05	1431.0	0.3561643835616438
544	2	1233	1633	74	27	47	0.020074485544009153	< p = 0.05	1433.0	0.36486486486486486
545	2	1235	1635	74	27	47	0.020074485544009153	< p = 0.05	1435.0	0.36486486486486486
546	2	1237	1637	74	27	47	0.020074485544009153	< p = 0.05	1437.0	0.36486486486486486
547	2	1239	1639	73	26	47	0.013976605613143227	< p = 0.05	1439.0	0.3561643835616438
548	2	1241	1641	73	26	47	0.013976605613143227	< p = 0.05	1441.0	0.3561643835616438
549	2	1243	1643	73	26	47	0.013976605613143227	< p = 0.05	1443.0	0.3561643835616438
550	2	1245	1645	73	26	47	0.013976605613143227	< p = 0.05	1445.0	0.3561643835616438
551	2	1247	1647	74	26	48	0.010544330566972708	< p = 0.05	1447.0	0.35135135135135137
552	2	1249	1649	74	26	48	0.010544330566972708	< p = 0.05	1449.0	0.35135135135135137
553	2	1251	1651	74	26	48	0.010544330566972708	< p = 0.05	1451.0	0.35135135135135137
554	2	1253	1653	73	25	48	0.007103636399742147	< p = 0.05	1453.0	0.3424657534246575
555	2	1255	1655	74	26	48	0.010544330566972708	< p = 0.05	1455.0	0.35135135135135137
556	2	1257	1657	75	27	48	0.015313821713432032	< p = 0.05	1457.0	0.36
557	2	1259	1659	75	27	48	0.015313821713432032	< p = 0.05	1459.0	0.36
558	2	1261	1661	75	27	48	0.015313821713432032	< p = 0.05	1461.0	0.36
559	2	1263	1663	74	26	48	0.010544330566972708	< p = 0.05	1463.0	0.35135135135135137
560	2	1265	1665	75	26	49	0.00791178868071145	< p = 0.05	1465.0	0.3466666666666667
561	2	1267	1667	75	26	49	0.00791178868071145	< p = 0.05	1467.0	0.3466666666666667
562	2	1269	1669	77	26	51	0.00438548939209379	< p = 0.05	1469.0	0.33766233766233766
563	2	1271	1671	76	25	51	0.002859938208464095	< p = 0.05	1471.0	0.32894736842105265
564	2	1273	1673	76	25	51	0.002859938208464095	< p = 0.05	1473.0	0.32894736842105265
565	2	1275	1675	73	24	49	0.003433192854701816	< p = 0.05	1475.0	0.3287671232876712
566	2	1277	1677	72	23	49	0.0021830447373622493	< p = 0.05	1477.0	0.3194444444444444
567	2	1279	1679	74	23	51	0.0011341876606696907	< p = 0.05	1479.0	0.3108108108108108
568	2	1281	1681	74	23	51	0.0011341876606696907	< p = 0.05	1481.0	0.3108108108108108
569	2	1283	1683	74	23	51	0.0011341876606696907	< p = 0.05	1483.0	0.3108108108108108
570	2	1285	1685	73	23	50	0.0015770905736755515	< p = 0.05	1485.0	0.3150684931506849
571	2	1287	1687	74	24	50	0.0025074693935343085	< p = 0.05	1487.0	0.32432432432432434
572	2	1289	1689	74	24	50	0.0025074693935343085	< p = 0.05	1489.0	0.32432432432432434
573	2	1291	1691	73	24	49	0.003433192854701816	< p = 0.05	1491.0	0.3287671232876712
574	2	1293	1693	73	24	49	0.003433192854701816	< p = 0.05	1493.0	0.3287671232876712
575	2	1295	1695	73	24	49	0.003433192854701816	< p = 0.05	1495.0	0.3287671232876712
576	2	1297	1697	72	24	48	0.004677734981047276	< p = 0.05	1497.0	0.3333333333333333
577	2	1299	1699	72	24	48	0.004677734981047276	< p = 0.05	1499.0	0.3333333333333333
578	2	1301	1701	72	24	48	0.004677734981047276	< p = 0.05	1501.0	0.3333333333333333
579	2	1303	1703	72	24	48	0.004677734981047276	< p = 0.05	1503.0	0.3333333333333333
580	2	1305	1705	72	24	48	0.004677734981047276	< p = 0.05	1505.0	0.3333333333333333
581	2	1307	1707	72	24	48	0.004677734981047276	< p = 0.05	1507.0	0.3333333333333333
582	2	1309	1709	71	24	47	0.006341163434776323	< p = 0.05	1509.0	0.3380281690140845
583	2	1311	1711	71	24	47	0.006341163434776323	< p = 0.05	1511.0	0.3380281690140845
584	2	1313	1713	71	24	47	0.006341163434776323	< p = 0.05	1513.0	0.3380281690140845
585	2	1315	1715	70	24	46	0.00855097923712532	< p = 0.05	1515.0	0.34285714285714286
586	2	1317	1717	71	25	46	0.012693970055273028	< p = 0.05	1517.0	0.352112676056338
587	2	1319	1719	71	25	46	0.012693970055273028	< p = 0.05	1519.0	0.352112676056338
588	2	1321	1721	71	25	46	0.012693970055273028	< p = 0.05	1521.0	0.352112676056338
589	2	1323	1723	71	25	46	0.012693970055273028	< p = 0.05	1523.0	0.352112676056338
590	2	1325	1725	71	25	46	0.012693970055273028	< p = 0.05	1525.0	0.352112676056338
591	2	1327	1727	73	26	47	0.013976605613143227	< p = 0.05	1527.0	0.3561643835616438
592	2	1329	1729	73	26	47	0.013976605613143227	< p = 0.05	1529.0	0.3561643835616438
593	2	1331	1731	73	26	47	0.013976605613143227	< p = 0.05	1531.0	0.3561643835616438
594	2	1333	1733	72	26	46	0.01842212545409897	< p = 0.05	1533.0	0.3611111111111111
595	2	1335	1735	70	25	45	0.01682740948275682	< p = 0.05	1535.0	0.35714285714285715
596	2	1337	1737	70	25	45	0.01682740948275682	< p = 0.05	1537.0	0.35714285714285715
597	2	1339	1739	70	25	45	0.01682740948275682	< p = 0.05	1539.0	0.35714285714285715
598	2	1341	1741	70	25	45	0.01682740948275682	< p = 0.05	1541.0	0.35714285714285715
599	2	1343	1743	71	26	45	0.02414053862843872	< p = 0.05	1543.0	0.36619718309859156
600	2	1345	1745	71	26	45	0.02414053862843872	< p = 0.05	1545.0	0.36619718309859156
601	2	1347	1747	71	26	45	0.02414053862843872	< p = 0.05	1547.0	0.36619718309859156
602	2	1349	1749	71	26	45	0.02414053862843872	< p = 0.05	1549.0	0.36619718309859156
603	2	1351	1751	71	26	45	0.02414053862843872	< p = 0.05	1551.0	0.36619718309859156
604	2	1353	1753	71	26	45	0.02414053862843872	< p = 0.05	1553.0	0.36619718309859156
605	2	1355	1755	70	26	44	0.03144373454589242	< p = 0.05	1555.0	0.37142857142857144
606	2	1357	1757	70	26	44	0.03144373454589242	< p = 0.05	1557.0	0.37142857142857144
607	2	1359	1759	69	26	43	0.040701354556118174	< p = 0.05	1559.0	0.37681159420289856
608	2	1361	1761	69	26	43	0.040701354556118174	< p = 0.05	1561.0	0.37681159420289856
609	2	1363	1763	67	26	41	0.0668707601224649	> p = 0.05	1563.0	0.3880597014925373
610	2	1365	1765	67	26	41	0.0668707601224649	> p = 0.05	1565.0	0.3880597014925373
611	2	1367	1767	65	26	39	0.10686371499337913	> p = 0.05	1567.0	0.4
612	2	1369	1769	66	26	40	0.08483774479657069	> p = 0.05	1569.0	0.3939393939393939
613	2	1371	1771	65	26	39	0.10686371499337913	> p = 0.05	1571.0	0.4
614	2	1373	1773	65	26	39	0.10686371499337913	> p = 0.05	1573.0	0.4
615	2	1375	1775	65	25	40	0.06281184751609843	> p = 0.05	1575.0	0.38461538461538464
616	2	1377	1777	66	26	40	0.08483774479657069	> p = 0.05	1577.0	0.3939393939393939
617	2	1379	1779	66	26	40	0.08483774479657069	> p = 0.05	1579.0	0.3939393939393939
618	2	1381	1781	67	26	41	0.0668707601224649	> p = 0.05	1581.0	0.3880597014925373
