	File_Name	Total_Kernels	Percent_Transmission	R-Squared	P-Value	Slope
0	X3-6_tillerx402	589	54.34974533106961	0.13583587241188563	2.174e-20	0.02189
1	X3-6x402	498	49.51004016064257	0.3988189836976761	8.822e-57	0.08284
2	X4-1x402	435	43.763218390804596	0.40773577691601853	3.361e-51	-0.05908
3	X4-2x484-4m4	514	49.86381322957198	0.27232450343694387	3.044e-37	-0.06245
4	X4-4x400L	486	41.04526748971193	0.8133152742557159	1.630e-178	-0.17209
5	X4-6x402	644	51.440993788819874	0.4977408970657607	4.433e-98	-0.17897
6	X400X440L-2m1	478	38.85774058577406	0.20917019571642015	4.396e-26	-0.06461
7	X400x3-6m1	614	45.97557003257329	0.14086935795088534	5.648e-22	-0.04051
8	X400x415L-1m1	578	42.68339100346021	0.0003077496513417169	6.738e-01	-0.00249
9	X400x417-3m1	603	43.2636815920398	0.7565242129762069	1.595e-186	0.27941
10	X400x418-2m1	560	52.15357142857143	0.26020112799495987	2.001e-38	0.07978
11	X400x421-2m1-new	594	34.966329966329965	0.6407095356051088	1.056e-133	0.15681
12	X400x421-2m1	585	34.4034188034188	0.5706987896623508	3.893e-109	0.13642
13	X400x422-1m1	428	57.200934579439256	0.5728126209189095	1.069e-80	0.0408
14	X400x426L-2m2	457	39.06564551422319	0.2529226150420005	1.146e-30	0.06651
15	X400x429-1m1	560	53.46071428571429	0.7750170675615007	6.812e-183	-0.15517
16	X400x429L-1m1	506	49.65217391304348	0.38178969231084486	1.332e-54	0.07183
17	X400x434L-1m1	624	33.17307692307692	0.467927082011264	2.793e-87	-0.10419
18	X400x445L-3m1	614	45.60586319218241	0.48062862314643173	4.009e-89	-0.07517
19	X400x446L-2m1	646	35.28018575851393	0.013120033997962743	3.554e-03	-0.01449
20	X400x452BL-1m1-v	463	46.898488120950326	0.7843674004334138	1.105e-155	-0.13224
21	X400x454L-1m1	538	28.226765799256505	0.6243864040921603	4.673e-116	-0.15036
22	X400x457-1m1	552	50.02536231884058	0.6047621351883342	5.975e-113	-0.13135
23	X400x457-1m2	666	39.271771771771775	0.3513136941535852	2.052e-64	-0.08048
24	X400x459-3m2	652	34.71165644171779	0.0003513766032535599	6.328e-01	0.00261
25	X400x463AL-1m1	389	41.498714652956295	0.7646198462019543	1.268e-123	0.17307
26	X400x465BL-3m1-v	504	54.823412698412696	0.0003112951631199409	6.927e-01	0.00234
27	X400x466-4m1	481	41.24116424116424	0.5771565904317657	1.413e-91	0.1115
28	X400x466L-2m1	380	66.43947368421053	0.01514872135138854	1.637e-02	0.00484
29	X400x467BL-1m1-v	364	43.52472527472528	0.5435500985309273	1.270e-63	0.09065
30	X400x467BL-1m2-v	452	41.373893805309734	0.5810935035523116	4.663e-87	-0.13612
31	X400x467BL-1m3-v	576	62.94618055555556	0.26379328957666986	4.350e-40	-0.06297
32	X400x468AL-2m1	488	52.22540983606557	0.18216455557989125	5.036e-23	0.03432
33	X400x481AL-1m1	348	55.52873563218391	0.2950630509428108	4.209e-28	-0.08399
34	X400x481AL-1m3	433	44.39953810623557	0.00038306773436951177	6.846e-01	-0.00353
35	X400x483A-3m1	569	39.984182776801404	0.1371455860257287	6.166e-20	0.0537
36	X400x485-5m1	564	54.29964539007092	0.12650562257475417	2.916e-18	-0.04646
37	X400x485L-3m1	481	47.67775467775468	0.2092598656596168	2.999e-26	-0.06628
38	X400x485L-3m2	539	38.430426716141	0.0029329679516078627	2.094e-01	0.00697
39	X400x498L-2m1	613	42.539967373572594	0.014369510527543764	2.953e-03	-0.01242
40	X400x504AL-1m1	575	40.01565217391305	0.005331627309851313	8.022e-02	0.00418
41	X400x505A-1m1	549	54.44626593806922	0.7634868572330313	2.190e-173	0.22757
42	X400x508L-2m1	587	52.546848381601365	0.13977294355969075	6.537e-21	0.04286
43	X400x509L-1m1	529	32.960302457466916	0.1688596874012122	5.719e-23	0.11777
44	X400x509L-2m1	399	57.86466165413534	0.22366716892616936	1.254e-23	-0.0624
45	X400x511L-4m1	495	62.23434343434344	0.6630753339138786	1.517e-118	0.10058
46	X400x514L-3m1	483	48.53830227743271	0.0016701662786127698	3.701e-01	-0.00594
47	X400x514L-5m1	489	41.63803680981595	0.5893055100906761	3.664e-96	-0.10106
48	X400x515L-3m1	423	49.04491725768322	0.04950281451890551	3.828e-06	-0.01887
49	X400x518L-2m1	627	46.078149920255186	0.20565453179552787	3.959e-33	-0.06969
50	X400x519L-2m1	633	41.11374407582938	0.06431325046567428	9.546e-11	-0.02345
51	X400x519L-3m1	537	57.44134078212291	0.3116051729018638	2.574e-45	-0.05829
52	X400x520L-2m1	629	46.087440381558025	0.020381268772404624	3.284e-04	-0.0165
53	X400x521AL-9m2	496	47.10282258064516	0.004909049621920697	1.191e-01	0.00583
54	X400x522AL-2m1	637	47.44270015698587	0.3367955252881914	1.284e-58	0.07267
55	X400x529A-1m2	545	39.34678899082569	0.06649777273057575	9.970e-10	0.03765
56	X400x529A-6m1	620	45.001612903225805	0.1986958627317183	1.342e-31	0.03706
57	X400x532-1m2	482	42.531120331950206	0.4750156820362462	3.605e-69	0.07868
58	X400x532-4m1	475	38.54526315789474	0.30006887246796626	1.511e-38	0.06764
59	X400x532-4m2	602	38.7109634551495	0.09795479890326113	3.795e-15	-0.05406
60	X400x532-4m4	651	39.17818740399385	0.03679933738441198	8.182e-07	-0.03334
61	X400x532-5m2	561	58.13368983957219	0.14410289449130428	1.138e-20	-0.05461
62	X400x533A-8m2	555	44.12432432432433	0.026752973998471933	1.085e-04	0.01172
63	X400x533A-8m3	682	49.441348973607035	0.1765286859476176	1.512e-30	-0.06188
64	X400x534-1m2	602	62.55481727574751	0.04804283259507501	5.544e-08	-0.02633
65	X400x534-2m2	517	57.55125725338491	0.4106011985945075	4.152e-61	0.08882
66	X400x537A-2m1	603	45.917081260364846	0.22404802817119351	5.371e-35	0.11335
67	X400x537A-2m2	387	40.78036175710594	0.4634054972898316	5.390e-54	-0.08405
68	X400x537A-2m3	451	14.361419068736142	0.5536239692474613	1.151e-80	0.17696
69	X400x539-3m1	580	36.61724137931034	0.7280945263066014	1.368e-165	-0.31064
70	X400x539-4m1	627	29.960127591706538	0.34910067698285313	2.845e-60	0.11012
71	X400x539-4m3	571	15.726795096322242	0.32781303603174794	4.850e-51	-0.1477
72	X400x539-4m5	534	40.58426966292135	0.0003251406315624157	6.776e-01	0.00201
73	X400x539-4m6	473	47.1585623678647	0.14871001034506204	3.215e-18	-0.04992
74	X400x543-2	468	50.58119658119658	0.8562946114242156	1.960e-198	0.23856
75	X400x543-3	446	54.94170403587444	0.09074616552487294	8.278e-11	-0.01026
76	X400x543-4	451	95.69623059866963	0.07756790181838079	1.769e-09	0.0089
77	X400x552AL-11m2	469	3.2260127931769724	0.009038083091891289	3.959e-02	0.00509
78	X400x552AL-11m3	272	0.8713235294117647	0.056097275507703576	7.997e-05	0.01649
79	X400x552AL-3m2	379	5.6596306068601585	0.08072028341565658	1.810e-08	0.01629
80	X400x554A-2m1	289	1.9377162629757785	0.4385194755321493	7.573e-38	0.0217
81	X400x554A-4m1	448	1.4776785714285714	0.6691324062772431	3.521e-109	0.06604
82	X400x554A-4m2	222	1.3018018018018018	0.4190101615801936	9.440e-28	0.03358
83	X400x561-3m1-v	499	23.47695390781563	0.6168297889788268	1.351e-105	-0.09194
84	X400x561-3m2-v	573	28.48516579406632	0.7342919940392002	1.810e-166	-0.17287
85	X400x561-3m3-v	409	28.882640586797066	0.5429858983079275	3.344e-71	0.08534
86	X400x562B-2m1-v	654	17.021406727828747	0.5080736231792288	1.587e-102	0.14841
87	X400x562B-2m2-v	563	34.58436944937833	0.7028613616248314	5.869e-150	0.17768
88	X400x562B-2m3-v	553	34.860759493670884	0.03155642838953461	2.653e-05	-0.0281
89	X400x562B-2m4-v	473	27.340380549682877	0.18703231024122166	5.592e-23	0.07022
90	X400x562B-3m1-v	646	39.09907120743034	0.8275573888024704	5.468e-248	-0.22466
91	X400x562B-3m2-v	599	34.47245409015025	0.8739989056778018	1.011e-270	-0.20212
92	X400x563B-1m5-v	603	31.970149253731343	0.3537172785531049	5.870e-59	-0.08738
93	X400x563B-3m1-v	641	38.84867394695788	0.34515568236243943	9.657e-61	-0.1906
94	X400x563B-3m2-v	524	35.86450381679389	0.22598573981091077	6.707e-31	0.0476
95	X400x563B-3m3-v	605	40.46280991735537	0.30873222074842727	2.622e-50	0.10064
96	X400x568AL-1m1	543	27.16390423572744	0.6016268071768636	3.338e-110	-0.15739
97	X400x568AL-4m1	544	33.091911764705884	0.6544711781777063	3.594e-127	-0.1739
98	X400x569AL-2m1	616	41.60064935064935	0.07967442505340468	9.534e-13	-0.03395
99	X400x570AL-1m2	351	23.22222222222222	0.8069892193187614	1.024e-126	0.14385
100	X400x570AL-4m2	614	18.245928338762216	0.904442930045312	3.094e-314	-0.26326
101	X400x571A-2m1	363	60.13498622589532	0.6399422506482136	4.409e-82	0.09003
102	X400x571B-1m1	525	33.180952380952384	0.2174250458492412	1.066e-29	-0.0733
103	X400x571B-1m2	550	46.58	0.2470586535036016	1.164e-35	0.08052
104	X400x572B-4m1	481	8.954261954261954	0.3389492504849964	5.508e-45	-0.18512
105	X400x572C-5m1	608	24.542763157894736	0.5469405178690041	2.858e-106	-0.17535
106	X400x574-2m1	482	33.30082987551867	0.12466085958496005	1.347e-15	-0.04096
107	X400x575-1m1	420	62.121428571428574	0.8063321565840723	4.291e-151	0.18137
108	X400x575-2m1	462	27.603896103896105	0.6266431707926298	1.819e-100	-0.22433
109	X400x576-4m1	481	63.656964656964654	0.25781256922699036	6.940e-33	-0.04981
110	X400x577-1m1	510	42.641176470588235	0.42122362905123184	2.589e-62	-0.31912
111	X400x577-3m1	463	55.885529157667385	0.004916917629855373	1.319e-01	-0.00784
112	X401Ex471A-2m1	577	54.98093587521664	0.14110640340744462	8.918e-21	0.03467
113	X401x3-6m2	644	56.088509316770185	0.005644624671451396	5.670e-02	-0.00763
114	X401x3-6m3	572	23.812937062937063	0.5105864994310398	1.685e-90	0.11401
115	X401x3-6m4	655	43.908396946564885	0.6963917939280747	3.532e-171	-0.13049
116	X401x4-1m1	640	55.8671875	0.0004816219367559209	5.795e-01	-0.00183
117	X401x4-1m2	576	52.092013888888886	0.003815874142510331	1.387e-01	0.01377
118	X401x4-2m2	397	55.94206549118388	0.10162701259933546	7.914e-11	-0.0396
119	X401x4-2m4	599	45.353923205342234	0.1631761511796406	6.457e-25	0.06634
120	X401x4-4m1	495	52.163636363636364	0.41712379335478916	9.089e-60	0.0481
121	X401x4-6m1	691	56.69609261939218	0.4169582459162503	9.022e-83	-0.04535
122	X401x415-1m1	432	52.254629629629626	0.3689372393630591	6.537e-45	-0.06141
123	X401x416-3m1	339	56.00589970501475	0.8025125101054512	9.631e-121	-0.19997
124	X401x417-2m1 (2)	574	30.937282229965156	0.27752361448838747	2.649e-42	0.10682
125	X401x418-3m1	357	37.53221288515406	0.08976361783937001	7.732e-09	-0.02934
126	X401x420-1m1	577	71.57712305025997	0.249893634977089	8.291e-38	-0.05732
127	X401x420-3m1	578	55.982698961937714	0.03878008184193193	1.833e-06	-0.0261
128	X401x420-4m1	521	61.44529750479847	0.6737434616602067	2.501e-128	0.17677
129	X401x420-4m1_adjust	521	61.09980806142035	0.6294626964233767	5.702e-114	0.15981
130	X401x421-1m1	374	38.48930481283423	0.350329277163592	1.007e-36	0.09902
131	X401x421-1m2	365	42.446575342465756	0.3004297793752276	5.212e-30	0.04987
132	X401x422-4m1	405	42.01728395061728	0.9682676298601516	4.558e-304	0.20576
133	X401x423-1m1	517	40.851063829787236	0.229460224051729	5.157e-31	-0.03981
134	X401x424L-3m1	304	62.36842105263158	0.056424503598654564	2.857e-05	0.01772
135	X401x432-2m1	548	53.58759124087591	0.7124337260645106	6.949e-150	-0.12397
136	X401x432L-3m1	702	58.69230769230769	0.01466074918440983	1.308e-03	0.02315
137	X401x434-3m1	583	44.51286449399657	0.16888187245189712	3.667e-25	0.04911
138	X401x435-5m1	587	56.44974446337309	0.6553455668665128	1.969e-137	-0.13234
139	X401x437-3m1	577	51.74350086655112	0.3192772572611125	5.587e-50	0.0556
140	X401x438-2m1	534	40.93258426966292	0.30776593877629943	1.996e-44	-0.04913
141	X401x438-4m1	503	58.29622266401591	0.02158199652538915	9.513e-04	0.013
142	X401x439-1m1	513	68.83235867446393	0.06536269056239469	4.244e-09	0.04085
143	X401x440-2m1	610	53.05573770491803	0.07293885772589877	1.177e-11	0.04036
144	X401x440-3m1	347	48.36599423631124	0.49838412414334227	1.249e-53	-0.06456
145	X401x442-1m1	562	57.36476868327402	0.045133798979632274	3.709e-07	-0.02014
146	X401x442-2m1	287	62.73519163763066	0.5139306927135732	1.485e-46	-0.08347
147	X401x445-1m1	618	47.64724919093851	0.10908209525731843	3.408e-17	0.03769
148	X401x445-2m1	721	54.995839112343965	0.2944087183237896	1.961e-56	-0.14411
149	X401x459-2m1	482	71.25726141078839	0.0074918163618016035	5.758e-02	0.01049
150	X401x460-3m1	645	40.035658914728685	0.13297967989269885	1.018e-21	0.05995
151	X401x462A-3m1	503	66.63817097415507	0.1204503939206081	1.103e-15	-0.07724
152	X401x466-1m1	514	68.7976653696498	0.3005395089538192	1.163e-41	-0.04721
153	X401x468A-1m1	353	56.036827195467424	0.017763223216561496	1.220e-02	-0.00747
154	X401x469A-2m1	674	57.5919881305638	0.04014421318321379	1.560e-07	-0.01807
155	X401x472A-4m1-v	675	60.86518518518518	0.047571002488185646	1.033e-08	0.02795
156	X401x472BL-3m1-v	477	46.83647798742138	0.6206648938790987	4.835e-102	-0.11503
157	X401x474-2m2	541	45.78373382624769	0.11825742250925898	1.834e-16	0.0489
158	X401x474-4m2	596	73.0738255033557	0.6694706232873907	6.413e-145	-0.12695
159	X401x475A-3m1	388	81.3582474226804	0.7184852566491237	2.713e-108	0.08986
160	X401x478A-5m1	632	36.55696202531646	0.04244272535007873	1.741e-07	-0.04285
161	X401x480A-1m1	689	57.3744557329463	0.6892621573588649	1.589e-176	-0.10349
162	X401x480A-3m1	691	62.30101302460203	0.16282206356850984	1.925e-28	0.04004
163	X401x481A-1m1	443	63.00451467268623	0.1499412516224686	2.689e-17	-0.02392
164	X401x483A-2m1	592	48.3125	0.10601627190604013	4.364e-16	0.04416
165	X401x484-3m1	648	47.004629629629626	0.6125930012747004	3.808e-135	-0.08342
166	X401x484-4m1	518	56.156370656370655	0.7243332525703122	1.715e-146	-0.12988
167	X401x484-4m3	573	65.56544502617801	0.00194732698365228	2.916e-01	0.00499
168	X401x485-1m1	620	57.39032258064516	0.05732035065913409	1.566e-09	0.02853
169	X401x485-3m1	615	49.55934959349594	0.0319208014757305	8.287e-06	-0.02255
170	X401x488-1m1	556	70.1726618705036	0.3614205026693931	6.225e-56	-0.09761
171	X401x489-5m1	625	77.2704	0.44917811013457754	1.006e-82	0.09755
172	X401x490-1m1	650	67.6	0.4768254120690259	3.145e-93	-0.11817
173	X401x491-1m1	519	29.302504816955683	0.8199111549232333	1.353e-194	-0.19516
174	X401x491-5m1	637	28.880690737833596	0.3070362807423624	1.517e-52	-0.07706
175	X401x491L-2m1	565	35.948672566371684	0.2989225476748196	2.345e-45	-0.11135
176	X401x492-2m1	619	15.014539579967689	0.5557896825338657	8.217e-111	0.2843
177	X401x492-3m1	678	20.3023598820059	0.9294355857525056	0.000e+00	0.29587
178	X401x494-4m1	518	44.36100386100386	0.03373464246241646	2.599e-05	0.01355
179	X401x505A-2m1	560	60.035714285714285	0.46423379172900664	1.198e-77	-0.07088
180	X401x505AL-1m1	642	63.585669781931465	0.38208075528366087	6.378e-69	0.06975
181	X401x505AL-4m1	471	49.503184713375795	0.05587110064580535	2.104e-07	0.0202
182	X401x511-3m2	507	43.83431952662722	0.0009382108373863948	4.914e-01	0.00177
183	X401x513-1m1(573-1m1)	698	49.89971346704871	0.003536872421400442	1.165e-01	0.00571
184	X401x513-2m1	691	62.85383502170767	0.0012076923158751054	3.617e-01	-0.00224
185	X401x513-3m1	653	64.20673813169985	0.5030508333311745	6.210e-101	0.11832
186	X401x514-1m1	697	67.59397417503587	0.00649729682170178	3.336e-02	0.00831
187	X401x515-3m2	625	53.184	0.25297832002749177	2.209e-41	-0.08433
188	X401x516-1m1	628	56.42993630573248	0.36157557227486437	5.278e-63	0.057
189	X401x516L-2m1	698	57.97994269340974	0.5654075448485245	4.533e-128	-0.11007
190	X401x516L-3m1	597	50.97654941373534	0.08592982534881698	2.700e-13	0.0462
191	X401x517-1m1	395	54.617721518987345	0.7178396699570145	4.994e-110	0.09197
192	X401x519-2m1	606	57.28382838283829	0.681555184533222	3.240e-152	-0.116
193	X401x519-3m1	591	66.52453468697124	0.24911042305556888	1.491e-38	0.0656
194	X401x520-1m1	543	51.141804788213626	0.5057332067350114	7.924e-85	-0.09674
195	X401x520-2m1	570	54.72982456140351	0.07667038693923514	1.717e-11	0.02147
196	X401x521-1m1	603	47.53897180762852	0.47700987052990174	1.201e-86	0.21724
197	X401x521-4m1	507	43.04930966469428	0.01874615640107447	2.003e-03	0.00939
198	X401x522-1m1	619	50.810985460420035	0.5354175338393221	8.522e-105	-0.13552
199	X401x524-1m3	577	49.01386481802427	0.006864859153628173	4.666e-02	-0.01285
200	X401x525-1m3	639	51.690140845070424	0.00661155742347459	3.990e-02	-0.01705
201	X401x528-2m1	667	50.827586206896555	0.028190926821943345	1.306e-05	-0.01828
202	X401x528-5m1	649	55.10477657935285	0.6393205364670215	2.098e-145	-0.07397
203	X401x534-2m4	523	46.994263862332694	0.6053511609807014	2.915e-107	-0.10855
204	X401x535A-4m2	567	44.96296296296296	0.836701104885618	1.706e-224	0.20302
205	X401x541A-4 HVY	471	6.721868365180467	0.753878443814009	7.108e-145	0.06036
206	X401x552AL-1m1	468	9.504273504273504	0.28209224706444985	2.014e-35	0.02602
207	X401x552AL-3m3	133	7.43609022556391	0.5954935441909971	1.609e-27	-0.03732
208	X401x552AL-4m1	325	3.7784615384615385	0.10813986884174553	1.237e-09	0.01897
209	X401x555A-4m1	337	3.4094955489614245	0.0008534420481566621	5.931e-01	-0.00208
210	X402x4-1m3	651	57.665130568356375	0.14170034148755797	2.409e-23	-0.03363
211	X402x415-4m2	587	54.01362862010222	0.3665744329168967	5.380e-60	-0.0761
212	X402x415-4m3	608	38.60361842105263	0.06340656081608767	3.016e-10	0.04426
213	X402x417-2m2	544	39.34375	0.2576969689841659	5.681e-37	0.06922
214	X402x417-2m3	585	27.864957264957265	0.08229526726015973	1.518e-12	-0.05549
215	X402x418-1m1	600	42.24	0.03275698327572544	8.160e-06	-0.01698
216	X402x418-1m2	703	56.36842105263158	0.3688641201676352	4.340e-72	-0.10302
217	X402x418-1m3	635	50.64724409448819	0.01604993472157519	1.379e-03	-0.02931
218	X402x421-1m3	415	41.87469879518072	0.04553676501154758	1.162e-05	0.04262
219	X402x421-4m1	606	45.0957095709571	0.11432454749565456	1.132e-17	-0.02293
220	X402x421-5m1	526	58.4828897338403	0.4421447606396608	2.027e-68	-0.15308
221	X402x421-5m2	414	65.84299516908213	0.16722017216077434	4.043e-18	0.03858
222	X402x421-5m3	502	63.97011952191235	0.8196937700329928	3.962e-188	-0.11746
223	X402x422-1m2	292	14.527397260273972	0.23425605803195643	1.489e-18	0.06183
224	X402x422-2m1	127	44.21259842519685	0.2457867020254739	3.096e-09	0.03383
225	X402x422-2m2	428	33.89252336448598	0.04222120749490978	1.833e-05	-0.0491
226	X402x422-2m3	358	42.37150837988827	0.8336397077588295	1.028e-140	0.09188
227	X402x422-4m2	510	56.207843137254905	0.2230180453096779	1.087e-29	0.08573
228	X402x423-2m1	454	67.0	0.6984602778161572	9.627e-120	0.15398
229	X402x423-2m2	476	79.93697478991596	0.027755447877141935	2.615e-04	-0.01153
230	X402x423-2m3	585	84.31452991452991	0.061104777784893594	1.358e-09	-0.02144
231	X402x424-1m3	557	38.50448833034111	0.4659266730128417	1.270e-77	0.10143
232	X402x426-1m1	568	42.51232394366197	0.26592138632117335	6.547e-40	-0.05104
233	X402x426-1m2	661	49.38880484114977	0.0014372435710788844	3.305e-01	-0.00505
234	X402x426-1m3	671	53.06110283159463	0.3264055935967894	2.139e-59	-0.04335
235	X402x427-2m1	421	72.79097387173397	0.3343069033059189	6.344e-39	-0.03886
236	X402x429-2m1	562	42.55338078291815	0.272622978365042	1.260e-40	0.08912
237	X402x429-2m2	669	64.46487294469357	0.006822790412993687	3.267e-02	-0.01536
238	X402x429-2m3	640	47.4546875	0.33310698089856405	4.080e-58	-0.06262
239	X402x432-1m1	443	60.70428893905192	0.020560799171180078	2.485e-03	0.01647
240	X402x432-2m2	500	56.596	0.1391668353516236	5.901e-18	0.05145
241	X402x432-2m3	677	49.97045790251108	0.10037909899618862	2.991e-17	-0.04397
242	X402x433L-2m2	395	62.89367088607595	0.3487831935112374	1.691e-38	-0.07666
243	X402x434-1m1	603	75.38640132669984	0.39299213028221813	3.664e-67	-0.086
244	X402x435L-2m1_final	568	36.98943661971831	0.4390395291515612	4.477e-73	0.17549
245	X402x435L-2m2	687	51.138282387190685	0.23900383479081758	1.466e-42	-0.08795
246	X402x435L-2m3_final	665	60.62406015037594	0.34479324465141065	7.087e-63	-0.10123
247	X402x437-1m1	351	36.706552706552706	0.5070582598301555	1.477e-55	-0.08969
248	X402x437-1m2	446	61.88116591928251	0.42018994979402874	1.638e-54	0.04499
249	X402x437-1m3	488	25.063524590163933	0.30105346997706417	1.040e-39	-0.07488
250	X402x438-2m3	700	54.05714285714286	0.29836465729278	1.081e-55	0.0867
251	X402x439-1m2	653	51.05972434915773	0.4053475349074647	1.632e-75	0.0851
252	X402x439-1m3	502	48.322709163346616	0.05292044404404629	1.874e-07	-0.0215
253	X402x439-4m1	440	55.29545454545455	0.06521757720558394	5.575e-08	0.01412
254	X402x440-1m1	563	61.58792184724689	0.4268414498026399	8.076e-70	-0.1188
255	X402x440-1m2	620	62.99354838709677	0.2955073677579045	5.796e-49	-0.0828
256	X402x440-1m3	569	46.64499121265378	0.4642017584868628	7.288e-79	0.05722
257	X402x441-2m1	650	69.80153846153846	0.04103368667248861	1.902e-07	0.02115
258	X402x441-2m2	557	68.69658886894075	0.8529630302968355	3.349e-233	-0.12452
259	X402x441-2m3	494	84.42914979757084	0.7763908209191942	3.845e-162	-0.11408
260	X402x443B-1m1-v	618	73.457928802589	0.43834981515228477	3.316e-79	0.08768
261	X402x443B-5m1-v	714	70.32633053221288	0.7622706026279154	2.629e-224	-0.12707
262	X402x443B-5m3-v	660	65.88636363636364	0.4225670207184157	1.632e-80	0.11799
263	X402x444B-1m1-v	477	95.16561844863732	0.24737823791722743	3.556e-31	-0.03432
264	X402x444B-1m2-v	554	51.51083032490975	0.4776621735375538	6.998e-80	-0.09045
265	X402x444B-1m3-v	296	64.16554054054055	0.031772991753557835	2.081e-03	-0.00732
266	X402x445-2m2	513	64.83040935672514	0.30834411798562306	7.817e-43	-0.03573
267	X402x445-2m3	607	64.04448105436573	0.3980166311011639	1.082e-68	0.12346
268	X402x447-1m1	687	53.63173216885007	0.6544511801858883	3.274e-160	0.11574
269	X402x447-3m1	670	66.35522388059701	0.00018927860781965293	7.222e-01	-0.00216
270	X402x447-3m2	561	77.15864527629233	0.15542124401862042	2.655e-22	-0.02773
271	X402x447-3m3	664	42.26204819277108	1.8701687434627224e-06	9.719e-01	-0.00021
272	X402x447-4m1	672	70.8735119047619	0.43654774168818733	1.603e-85	-0.08876
273	X402x449A-1m1	624	39.09935897435897	0.5334198232593563	4.751e-105	-0.1286
274	X402x449A-1m2	552	47.23007246376812	0.801430283065691	3.203e-195	0.17801
275	X402x449A-1m3	446	24.865470852017935	0.0019146154582127665	3.566e-01	-0.00751
276	X402x449A-1m4	574	33.494773519163765	0.23714184885186562	1.630e-35	-0.08176
277	X402x450-1m1	513	52.95711500974659	0.4264273856938669	1.124e-63	0.05346
278	X402x450-2m1	599	67.55258764607679	0.5629631063631118	2.151e-109	-0.06793
279	X402x450-2m2	569	57.344463971880494	0.11474064435998904	9.636e-17	-0.02852
280	X402x450-2m3	495	60.62828282828283	0.534020555491461	8.773e-84	0.11407
281	X402x451A-1m1	673	50.655274888558694	0.1945514993393002	2.075e-33	0.04222
282	X402x451A-4m1	642	50.65576323987539	0.4501812090091304	3.479e-85	0.08982
283	X402x451A-4m2	655	61.444274809160305	0.028534849807990367	1.385e-05	-0.02063
284	X402x451A-5m1	478	57.43305439330544	0.8334278966145202	2.206e-187	-0.17109
285	X402x451A-5m2	679	60.90721649484536	0.19658050673210245	4.572e-34	-0.06243
286	X402x452B-5m1-v	608	56.838815789473685	0.754519821994123	5.577e-187	-0.19051
287	X402x452B-5m2-v	412	49.351941747572816	0.8676201082150223	3.976e-182	-0.19468
288	X402x452B-5m3-v	553	51.4376130198915	0.0027079547320486307	2.218e-01	0.01115
289	X402x454-3m2	681	67.18649045521292	0.460396348557619	4.931e-93	-0.12279
290	X402x454-3m3	651	78.4531490015361	0.6500563011286387	4.133e-150	0.0928
291	X402x456-2m1	602	83.9485049833887	0.3500774696537165	3.960e-58	0.07538
292	X402x456-2m2	587	61.75127768313458	0.16003656309216968	5.734e-24	0.05354
293	X402x456-2m3	547	21.290676416819014	0.5536337288021915	1.593e-97	0.29072
294	X402x456L-1m1	621	76.4170692431562	0.7038168399008928	1.071e-165	-0.10657
295	X402x456L-3m1	569	38.37609841827768	0.608242144046959	1.790e-117	-0.16902
296	X402x457-1m3	699	52.79399141630901	0.0554999209500029	2.857e-10	0.03386
297	X402x457-1m4	681	53.06314243759178	0.052963096637949306	1.229e-09	-0.043
298	X402x458-1m1	693	57.43434343434343	0.22243747262451813	1.136e-39	0.08787
299	X402x458-1m2	639	51.05790297339593	0.2793302059391103	2.910e-47	0.04384
300	X402x458-1m3	406	50.91379310344828	0.007870061841975242	7.417e-02	0.00888
301	X402x458-2-3m1	489	55.760736196319016	0.06777870893815442	5.115e-09	-0.02635
302	X402x458-2-3m2	417	45.326139088729015	0.00046969514780655064	6.590e-01	-0.00155
303	X402x458-2-3m3	321	25.660436137071652	0.3909194731091517	3.215e-36	-0.16832
304	X402x459-3m1	586	61.90955631399317	0.3064515607671848	2.334e-48	-0.06
305	X402x459-3m3	542	45.76568265682657	0.017795017304891986	1.856e-03	-0.01389
306	X402x460-2m1	629	46.327503974562795	0.7098849157952861	1.239e-170	0.13659
307	X402x460-2m3	691	42.37047756874095	0.0029114061011120047	1.565e-01	0.00378
308	X402x461B-3m1-v	612	56.72712418300654	0.004193980081659365	1.095e-01	0.00881
309	X402x461B-3m1-v_2	612	56.72712418300654	0.004193980081659365	1.095e-01	0.00881
310	X402x462A-1m1	659	36.37025796661609	0.752578423778044	1.989e-201	0.13437
311	X402x462A-3m2	692	56.40173410404624	0.09168547624409044	3.861e-16	-0.03155
312	X402x462A-3m3	596	78.84060402684564	0.06558987692369028	2.220e-10	-0.02785
313	X402x462A-3m4	606	57.32673267326733	0.10824068805315724	9.186e-17	-0.03355
314	X402x463A-1m1	592	52.07263513513514	0.28379815336741654	1.055e-44	0.05434
315	X402x463A-1m2	596	83.31879194630872	0.27522410294796196	1.878e-43	0.03252
316	X402x463A-1m3	549	62.31511839708561	0.2005076948813593	1.987e-28	0.07586
317	X402x463A-3m1	678	77.14749262536873	0.011540352519851872	5.108e-03	-0.00632
318	X402x465BL-3m2-v	608	72.56414473684211	0.45280687041567985	2.179e-81	-0.06367
319	X402x466-5m1	556	60.8794964028777	0.7829613777604757	6.363e-186	-0.1487
320	X402x466-5m2	681	64.61233480176212	0.029641456511509984	6.231e-06	0.01444
321	X402x466-5m3	570	55.40526315789474	0.24335166333976718	2.723e-36	0.05127
322	X402x467B-3m1-v	650	55.53230769230769	0.02600374495926121	3.621e-05	0.02956
323	X402x468A-2m1	436	73.15825688073394	0.1278422006514051	1.356e-14	0.03153
324	X402x468A-2m2	472	45.773305084745765	0.8870326301597685	1.085e-224	0.23919
325	X402x468A-2m3	513	46.78167641325536	0.7188503936732163	6.643e-143	0.13676
326	X402x468A-5m1	361	67.54570637119113	0.4042055186546992	2.811e-42	-0.03727
327	X402x469A-3m1	667	71.42428785607197	0.008056934229249886	2.042e-02	-0.00792
328	X402x469A-3m2	725	62.63862068965517	0.6013015363424268	1.642e-146	-0.17201
329	X402x469A-3m2_partial	720	21.018055555555556	0.5114239624804652	8.819e-114	-0.29847
330	X402x469A-3m3	652	67.53374233128834	0.3886042508803296	1.796e-71	0.11347
331	X402x469B-2m1-v	697	57.605451936872306	0.4415179029835297	5.537e-90	-0.12728
332	X402x471A-1m1-v	513	74.85575048732943	0.2175778345146806	4.466e-29	0.0515
333	X402x471A-1m2-v	335	54.55820895522388	0.6516110990279891	3.065e-78	-0.08228
334	X402x471A-1m3-v	523	70.75334608030593	0.001771263036521637	3.368e-01	-0.00344
335	X402x471B-1m1-v	534	70.02247191011236	0.15102094177987835	1.075e-20	-0.03167
336	X402x472A-2m1-v	605	62.077685950413226	0.01475783113231217	2.763e-03	0.01697
337	X402x474-2m1	517	53.195357833655706	0.4102110329548431	4.926e-61	-0.10626
338	X402x474-4m1	665	63.73233082706767	0.5173861296791035	5.583e-107	0.07848
339	X402x474-4m3	675	61.17333333333333	0.4994838223791482	3.105e-103	-0.11191
340	X402x474-4m4	511	42.28767123287671	0.26312978181426777	1.222e-35	-0.04867
341	X402x474-4m5	511	55.28375733855186	0.03945830185437025	6.053e-06	0.01725
342	X402x475A-1m1	533	41.127579737335836	0.1980750254440494	2.723e-27	-0.08681
343	X402x475A-1m2	547	57.49908592321755	0.5492604273284327	2.279e-96	0.10489
344	X402x475A-1m3	516	56.565891472868216	0.14588254110656582	2.288e-19	-0.04705
345	X402x478A-2m1	559	58.169946332737034	0.2134776702775828	6.559e-31	-0.06612
346	X402x478A-5m2	568	60.67429577464789	0.08350595994627504	2.183e-12	0.03987
347	X402x478A-5m3	508	72.53740157480316	0.2615209501095987	3.373e-35	0.04416
348	X402x478A-5m4	578	50.34256055363322	0.6895772159603981	1.926e-148	0.101
349	X402x479A-1m1	631	53.44690966719493	0.4553490065055611	4.805e-85	-0.14303
350	X402x479A-1m2	381	48.01312335958005	0.21667969675526888	6.949e-22	0.07054
351	X402x479A-1m3	474	64.82489451476793	0.08901441888024708	3.356e-11	0.02935
352	X402x480A-4m1	619	63.51211631663974	0.115911697023177	2.906e-18	-0.05818
353	X402x480A-4m2	614	74.06188925081433	0.042449487622454284	2.601e-07	0.02569
354	X402x480A-4m3	601	43.86189683860233	0.40756944245138427	4.091e-70	-0.06164
355	X540-2@	556	69.95503597122303	0.3589950362357056	1.785e-55	-0.0435
356	X402x481A-2m1	294	62.58843537414966	0.36084771057644566	3.205e-30	0.03809
357	X402x483A-1m1	565	58.51681415929203	0.7521628541354245	1.112e-172	-0.11954
358	X402x483A-1m2	659	70.96358118361154	0.3842458378846024	3.311e-71	-0.08234
359	X402x483A-1m3	658	59.93009118541033	0.12679653871123428	4.200e-21	0.03635
360	X402x484-3m2	678	63.21828908554572	0.7227384460821593	1.794e-190	0.15757
361	X402x484-3m3	566	53.07597173144876	0.2875971834885135	1.834e-43	-0.09755
362	X402x484-4m2	545	59.143119266055045	0.146869004923061	1.649e-20	-0.068
363	X402x485-5m2	577	76.27556325823224	0.006071852161629279	6.141e-02	-0.01076
364	X402x486-2m1_fullCountButLessSure	644	75.00465838509317	0.02586290789089377	4.133e-05	-0.02058
365	X402x486-2m1_incomplete	644	42.55590062111801	0.12136911970116986	8.186e-20	0.0729
366	X402x486-2m2	572	56.85664335664335	0.7796945451532932	2.187e-189	-0.15026
367	X402x486-2m3	650	59.35076923076923	4.958047221077161e-07	9.857e-01	9e-05
368	X402x486-3m1	476	58.470588235294116	0.022094461646358123	1.144e-03	-0.01218
369	X402x487A-1m1	548	59.13321167883212	0.006281039557345754	6.375e-02	0.01321
370	X402x487A-1m2	318	73.05974842767296	0.3011245297070555	2.111e-26	0.02115
371	X402x488-2m1	591	80.45008460236886	0.0004918003548105588	5.905e-01	0.00372
372	X402x488-3m1	726	53.06473829201102	0.36342541079698304	4.832e-73	-0.08829
373	X402x488-3m2	620	75.1	0.00586472556667656	5.667e-02	0.00842
374	X402x489-3m1	574	51.041811846689896	0.2941238912317726	3.337e-45	-0.05256
375	X402x489-3m2	582	69.83676975945018	0.11690588537010212	2.102e-17	-0.03381
376	X402x489-3m3	512	73.798828125	0.5935709354554699	8.948e-102	0.12365
377	X402x489-4m1	654	56.559633027522935	0.28177510371918435	8.108e-49	-0.05839
378	X402x490-3m1	478	30.05857740585774	0.028530497940532022	2.073e-04	-0.01728
379	X402x490-5m1 (1)	585	75.16581196581197	0.13758558851384614	1.608e-20	-0.06144
380	X402x490-5m2	715	50.94125874125874	0.04940676618492669	1.873e-09	0.03278
381	X402x490-5m3	537	57.83612662942272	0.005159545337406579	9.635e-02	-0.00424
382	X402x492-1m1	580	29.95	0.2634633179692976	2.676e-40	0.09538
383	X402x492-1m2	657	10.007610350076103	0.19413892905212551	1.403e-32	-0.13764
384	X402x492-1m3	591	12.274111675126903	0.18936247370216425	1.058e-28	0.04546
385	X402x494-1m1	504	44.36904761904762	0.773015078323263	9.168e-164	-0.09509
386	X402x494-1m2	663	75.65460030165913	0.006511263034336264	3.778e-02	-0.00606
387	X402x494-2m1	708	57.97316384180791	0.01732793232859627	4.453e-04	-0.0127
388	X402x495B-1m1-v	547	49.61974405850091	0.571556753731537	2.215e-102	-0.08163
389	X402x495B-2m1-v	723	33.00968188105118	0.4236472620468367	2.436e-88	-0.1387
390	X402x495B-5m1-v	727	33.099037138927095	0.03651792866626495	2.085e-07	-0.0299
391	X402x498-2m1	596	69.03523489932886	0.3666610200797347	6.568e-61	-0.06515
392	X402x515-4m1	622	77.33922829581994	0.3513025082621246	2.914e-60	0.10989
393	X402x516-4m1	616	52.89448051948052	0.6211306253413009	1.610e-131	-0.09537
394	X402x517-4m1	692	67.66184971098266	0.0015967728360375985	2.939e-01	-0.0063
395	X402x522-3m1	639	41.827856025039125	0.8190740176499544	1.140e-238	-0.27425
396	X402x524-1m1	617	61.73257698541329	0.002926091661644706	1.796e-01	0.0044
397	X402x524-1m2	641	36.84243369734789	0.09211055551894129	3.999e-15	0.03424
398	X402x525-1m1	670	39.992537313432834	0.8259007149126922	9.057e-256	0.20219
399	X402x525-1m2	690	76.06811594202898	0.03312416054705809	1.492e-06	-0.0236
400	X402x527A-3m1	619	64.05492730210017	0.14281844390729298	1.897e-22	0.03696
401	X402x528-5m2	608	54.0641447368421	0.6294699764386623	9.207e-133	0.15768
402	X402x528-5m3	591	53.82571912013536	0.547616534277008	1.562e-103	0.10286
403	X402x528-5m4	644	55.08229813664596	0.014185609059859066	2.467e-03	-0.01227
404	X402x529A-1m1	714	77.85854341736695	0.30177650834122943	1.572e-57	0.09672
405	X402x529A-1m4	604	46.50993377483444	0.14493607909247103	2.876e-22	-0.02847
406	X402x532-5m3	681	53.25844346549192	0.8351503571765703	5.324e-268	-0.14484
407	X402x533A-8m1	656	53.96493902439025	0.38110061685973184	3.649e-70	-0.14304
408	X402x534-1m1	381	33.07874015748032	0.3817133924881533	1.779e-41	-0.09399
409	X402x534-2m1	486	60.02057613168724	0.6584530952864458	5.553e-115	-0.07064
410	X402x535A-2m1	605	61.63636363636363	0.08628943203031401	1.660e-13	-0.05374
411	X402x537A-1m2	630	37.492063492063494	0.14992464839199984	5.763e-24	0.04584
412	X402x537A-1m3	563	46.257548845470694	0.21304978301164182	4.714e-31	0.06352
413	X402x539-1m1	664	51.68524096385542	0.061910113798430075	7.925e-11	-0.02068
414	X402x539-2m1	488	50.11065573770492	0.13762627132134442	2.279e-17	-0.04752
415	X402x539-2m3	664	61.873493975903614	0.5972069055221513	7.673e-133	-0.17978
416	X402x552AL-1m3	522	7.082375478927203	0.8386176545918955	4.211e-208	-0.1086
417	X403x3-6m5	613	50.75693311582382	0.764338998781816	6.321e-194	0.12822
418	X403x4-1m4	633	52.54502369668246	0.17858936404154785	8.251e-29	-0.03686
419	X403x4-2m1	695	54.71798561151079	0.08763717281932998	1.592e-15	0.03213
420	X403x4-2m3	656	52.519817073170735	0.020343868860239058	2.474e-04	-0.01546
421	X403x415-3m1	622	42.18006430868167	0.8046720234275185	4.893e-222	-0.17482
422	X403x415-4m1	623	53.53290529695024	0.06348448778686269	1.776e-10	-0.02077
423	X403x432-5m1	607	69.10543657331137	0.4241846294276693	1.520e-74	-0.12424
424	X403x433-3m1	614	69.5130293159609	0.19851524567353118	2.810e-31	-0.04906
425	X403x433-5m1	693	25.575757575757574	0.29272738676085586	6.020e-54	-0.07451
426	X403x433L-2m1	451	36.07760532150776	0.23385601825911762	8.235e-28	0.04109
427	X403x435-1m1	448	50.564732142857146	0.7394356799881466	2.462e-132	0.16179
428	X403x437-2m1	600	26.18	0.11388468668972382	1.902e-17	0.07646
429	X403x438-2m2	368	37.08423913043478	0.7834985284463121	1.153e-123	0.15537
430	X403x439-3m1	501	64.96407185628742	0.09816382270643495	7.135e-13	-0.04143
431	X403x441-3m1	635	44.75748031496063	0.5074880072224418	1.984e-99	0.08645
432	X403x443B-3m1-v	669	54.34379671150972	0.3082296366128869	2.350e-55	0.0938
433	X403x443B-5m2-v	421	39.850356294536816	0.8558514032504916	2.483e-178	-0.20545
434	X403x444B-3m1-v	333	47.474474474474476	0.17969419492446564	5.911e-16	-0.05179
435	X403x445-4m1	633	61.67614533965245	0.6826537570976359	2.080e-159	-0.11891
436	X403x447-3m4	635	44.66771653543307	0.0445763704892104	7.851e-08	0.02484
437	X403x454-3m4	695	54.7568345323741	0.5170938236988754	1.209e-111	-0.11865
438	X403x463A-1m4	412	39.351941747572816	0.14037299835291786	3.540e-15	-0.05616
439	X403x463A-2m1	646	47.01393188854489	0.34566674650625023	2.594e-61	-0.07739
440	X403x465B-3m1-v	620	39.020967741935486	0.01796420532102105	8.207e-04	-0.01309
441	X403x468A-2m4	647	71.34157650695518	0.0023976291117830616	2.136e-01	0.00278
442	X403x470-2m1	403	71.47394540942928	0.05952552974411769	7.132e-07	-0.01604
443	X403x472B-1m1-v	650	56.41538461538462	0.7525201514713756	1.160e-198	0.14906
444	X403x474-1m1	438	32.422374429223744	0.6151153413875267	1.945e-92	-0.11207
445	X403x475A-5m1	495	61.60808080808081	0.3461135702612372	2.020e-47	0.0748
446	X403x477A-2m1	664	51.71234939759036	0.4449336250523544	1.108e-86	-0.04662
447	X403x481A-3m1	363	49.60606060606061	0.5319209887587172	1.785e-61	0.07402
448	X403x486-1m1	531	64.71751412429379	1.3985813370912926e-06	9.783e-01	7e-05
449	X403x486-1m2	585	51.43589743589744	0.061606081861226465	1.158e-09	0.03364
450	X403x487B-2m2-v	679	60.1620029455081	0.7069845763838931	1.270e-182	0.1023
451	X403x487B-3m1-v	454	60.52422907488987	0.35971600059466596	1.083e-45	-0.12407
452	X403x488-3m3	610	56.890163934426226	0.07084918637578981	2.366e-11	-0.03164
453	X403x492-1m4	657	17.91324200913242	0.00026591561157287603	6.765e-01	-0.00518
454	X403x494-1m3	628	51.6703821656051	0.007169707793671604	3.388e-02	-0.01217
455	X403x495B-1m2-v	629	31.645468998410173	0.07103825009933981	1.087e-11	-0.01747
456	X403x495B-1m3-v	462	26.07792207792208	0.8079016500440179	6.712e-167	-0.12229
457	X403x498-2m2	455	80.15604395604396	0.7930387354559338	4.706e-157	-0.19019
458	X403x498-2m3	646	54.28792569659443	0.18151477734786653	7.151e-30	-0.03688
459	X403x498-3m1	653	53.05972434915773	0.11458419045739175	5.713e-19	-0.056
460	X403x498-4m1	513	57.92982456140351	0.08776473454458271	7.495e-12	0.04282
461	X403x498-5m1	481	43.07068607068607	0.28700436169924204	4.413e-37	0.03007
462	X403x498L-2m2	582	64.42611683848797	0.4988297836673071	4.635e-89	-0.12683
463	X403x505A-2m2	686	61.84839650145773	0.0195547554156057	2.388e-04	0.02432
464	X403x507A-2m1	594	54.45117845117845	0.25915647777570844	1.761e-40	-0.03466
465	X403x509L-4m1	600	43.135	0.5262539379566777	4.368e-99	0.09501
466	X403x511-2m1	499	68.49098196392785	0.3189300467147197	2.228e-43	0.10849
467	X403x515-3m1	473	41.91754756871036	0.16120761883778298	9.495e-20	-0.05603
468	X403x517L-5m1	621	71.24798711755234	0.020295064560031842	3.693e-04	0.02178
469	X403x518L-3m1	669	51.54559043348281	0.07268281475685517	1.323e-12	-0.06086
470	X403x520L-1m1	502	51.03386454183267	0.6202580142657734	3.370e-107	-0.11511
471	X403x521-3m1	604	58.61920529801324	0.2045977118502813	8.519e-32	-0.04051
472	X403x522AL-1m1	610	56.239344262295084	0.12408821127738486	2.924e-19	-0.03083
473	X403x526-1m1	690	59.04492753623188	0.059830874665778765	7.379e-11	0.03261
474	X403x526-3m1	705	57.645390070921984	0.0036661071424324105	1.082e-01	0.00745
475	X403x527A-1m1	609	66.89819376026273	0.0058926947522913	5.832e-02	-0.00548
476	X403x529A-2m1	604	65.92880794701986	0.006345455796982079	5.037e-02	0.00814
477	X403x533A-2m1	601	48.18968386023295	0.00443309472681886	1.030e-01	-0.00655
478	X403x533A-7m1	595	52.94285714285714	0.1973818912724968	3.561e-30	0.09326
479	X540-4@	590	77.40338983050847	0.24165038859369029	3.198e-37	-0.08551
480	X403x533A-8m4	563	50.0461811722913	0.17749056166831365	1.248e-25	0.03731
481	X403x534-3m1	632	65.36075949367088	0.1887556488594043	1.754e-30	-0.0643
482	X403x535A-1m1	543	47.98526703499079	0.7073152669935032	1.867e-146	0.15114
483	X403x538-1m1	597	62.494137353433835	0.35978659196596263	1.309e-59	0.03676
484	X403x538-2m1	515	48.5378640776699	0.0051929359053800705	1.024e-01	0.00963
485	X403x542-1 HVY	448	19.609375	0.1565430708082048	3.067e-18	-0.04579
486	X403x552AL-7m1	489	7.431492842535787	0.7799869465903078	3.147e-162	0.10273
487	X403x555A-3m1	527	2.5749525616698294	0.030727734865730938	5.212e-05	0.01471
488	X403x561-1m1-v	679	45.65979381443299	0.008312799521485515	1.748e-02	-0.01309
489	X40_x526-4m1	491	48.18940936863544	0.31829565253892156	1.312e-42	0.06877
490	X410x548A-8	238	15.957983193277311	0.10304252200617955	4.178e-07	-0.01746
491	X410x550A-11	176	31.079545454545453	0.4075907249428014	1.551e-21	-0.07012
492	X410x550A-8	433	30.0	0.17362286365534785	1.294e-19	-0.07546
493	X410x550B-2	320	28.58125	0.9039646129797719	7.564e-164	0.1973
494	X410x551A-1	354	36.14971751412429	0.5822321178121403	1.070e-68	-0.06963
495	X410x551B-1	270	3.9518518518518517	0.05794153441286156	6.447e-05	0.01124
496	X411x549A-2	216	31.28240740740741	0.9679097372560769	8.417e-162	0.25723
497	X411x549A-3	556	49.802158273381295	0.4323346806801615	3.932e-70	0.07507
498	X411x549B-10	550	6.349090909090909	0.23182840262121776	2.902e-33	0.04558
499	X415-1x402	455	40.48571428571429	0.49501167395641515	3.301e-69	0.12853
500	X415-3x402	404	38.12376237623762	0.03279514357747222	2.532e-04	0.0198
501	X415-4x402	384	36.044270833333336	0.8366065654269664	2.382e-152	0.17595
502	X415L-1x402	498	41.93172690763052	0.3694003685890412	1.281e-51	-0.05978
503	X417-2x402	455	35.90769230769231	0.2383669053460391	1.252e-28	0.04305
504	X417-3x402	437	45.48970251716247	0.5144410417737166	3.044e-70	0.10647
505	X417L-1x402	411	34.32360097323601	0.5090914197413222	3.557e-65	0.11604
506	X418-1x402	251	55.71713147410359	0.4848354416975338	9.910e-38	-0.04178
507	X418-2x402	173	42.04624277456647	0.9278377380257725	1.536e-99	-0.22189
508	X418-3x402	339	53.469026548672566	1.6324501945216404e-05	9.409e-01	-0.00028
509	X420-3x402	201	35.407960199004975	0.2407437322591281	1.423e-13	-0.02937
510	X421-1x402	499	46.82364729458918	0.5188650989353818	5.477e-81	-0.10079
511	X421-4x402	539	36.970315398886825	0.08353006827561223	7.873e-12	-0.04093
512	X421-5x402	283	52.0565371024735	0.6945505142475394	2.453e-74	0.0863
513	X422-1x402	632	47.65981012658228	0.011827996295247695	6.204e-03	-0.02015
514	X422-2x402	399	32.97744360902256	0.07102412142982993	6.490e-08	0.03301
515	X422-4x402	534	52.72097378277154	0.01959284008080091	1.183e-03	-0.01163
516	X423-2x402	238	43.294117647058826	0.8384481299136218	2.157e-95	0.18531
517	X426-1x402	457	53.905908096280086	0.38599210771589854	3.868e-50	-0.05725
518	X426L-2x402	319	34.66457680250784	0.7816503505685389	9.117e-107	0.19003
519	X427-2x402	378	61.51322751322751	0.03315347817917056	3.735e-04	-0.01599
520	X427-3x402	390	52.87692307692308	0.35241736971203114	1.671e-38	-0.03581
521	X427L-1x402	422	47.03080568720379	0.15567813581104878	3.591e-17	0.07918
522	X429-1x402	164	40.51829268292683	0.05383710094283179	2.793e-03	0.01454
523	X429-2x402	193	39.60621761658031	0.008752989489820591	1.956e-01	-0.00493
524	X429L-1x402	391	58.91815856777494	0.21295486805682576	5.134e-22	-0.05665
525	X432-1x402	277	44.978339350180505	0.009457754250790715	1.063e-01	-0.00537
526	X432-2x402	284	35.063380281690144	0.2643458253666677	1.453e-20	-0.07725
527	X432-5x402	256	29.08984375	0.1642551318991791	1.536e-11	0.03091
528	X432L-3x402	339	36.607669616519175	0.8575959690159997	1.095e-144	0.12621
529	X433-2x402	363	89.52066115702479	0.5910383684154236	4.415e-72	0.07566
530	X433-3x402	196	57.704081632653065	0.7203320604550139	1.420e-55	0.04603
531	X433-5x402 (1)	281	56.18505338078292	0.03557435937821592	1.492e-03	0.01882
532	X433-5x402	281	56.18505338078292	0.03557435937821592	1.492e-03	0.01882
533	X434-1x402	258	19.07751937984496	0.8284974407318104	5.303e-100	0.27934
534	X434-3x402	426	42.117370892018776	0.4155728867265119	2.109e-51	-0.0589
535	X434L-1x402	353	32.946175637393765	0.7350057325427276	2.974e-103	0.16066
536	X435-1x402	499	81.92384769539078	0.24661703354899778	1.965e-32	0.04728
537	X435-5x402	408	79.375	0.13152758786044005	3.968e-14	0.05711
538	X435L-2x402	270	56.17037037037037	0.2007532619227836	9.754e-15	-0.02244
539	X437-1x402	441	37.86621315192744	0.20464824082578928	1.242e-23	0.06511
540	X437-2x402	543	53.537753222836095	0.12955076735473461	4.724e-18	-0.04786
541	X437-3x402	283	37.67491166077738	0.5222059041754077	5.626e-47	0.06928
542	X438-2x402	599	37.12854757929883	0.0033129790422969756	1.594e-01	0.00602
543	X438-4x402	456	48.10964912280702	0.43227051652027176	8.794e-58	-0.0738
544	X439-1x402	286	46.47202797202797	0.46624025239323	1.324e-40	0.0667
545	X439-3x402	405	63.11358024691358	0.0573116262051691	1.094e-06	0.02243
546	X440-1x402	455	38.505494505494504	0.5784305112419587	5.305e-87	-0.09659
547	X440-3x402	447	40.82774049217002	0.05212422720774927	1.072e-06	-0.01119
548	X440L-2x402	318	48.07232704402516	0.5592631997027268	3.608e-58	0.13401
549	X441-2x402	563	50.19538188277087	0.25484711640186464	9.699e-38	-0.08341
550	X441-3x402	529	46.56332703213611	0.43409297104416167	3.709e-67	-0.06809
551	X441L-3x402	423	44.191489361702125	0.5867720972155951	8.175e-83	-0.15384
552	X442-1x402-1	505	63.83960396039604	0.0035934530030778174	1.786e-01	0.00507
553	X443B-1x402-v	528	54.40909090909091	0.000135541218721651	7.896e-01	0.00071
554	X443B-3x402-v	525	69.8152380952381	0.05167826362365661	1.399e-07	0.03187
555	X443B-5x402-v	503	55.70576540755467	0.1002899664383686	3.519e-13	-0.03648
556	X444B-1x402-v	467	44.15631691648822	0.3957775800540761	7.872e-53	0.06559
557	X444B-3x402-v	430	43.811627906976746	0.7188304591318362	5.451e-120	-0.12658
558	X445-1x402	541	48.94639556377079	0.17435207673875322	3.074e-24	0.04842
559	X445-2x402	498	47.84538152610442	0.3653726587311785	6.248e-51	-0.09708
560	X445-4x402	533	51.15947467166979	0.23301472056790812	1.836e-32	0.04004
561	X445L-3x402	471	53.481953290870486	0.18140304250028452	3.529e-22	-0.03154
562	X446L-2x402	338	82.31952662721893	0.7250500078819555	3.180e-96	0.07932
563	X447-1x402	354	53.2909604519774	0.31072483061315936	2.733e-30	0.09781
564	X447-3x402	645	47.72403100775194	0.554519244218284	5.293e-115	-0.08608
565	X447-4x402	415	52.397590361445786	0.09784269794667362	7.162e-11	-0.04001
566	X449BL-3x402-v	433	42.49884526558891	0.007212799147852152	7.751e-02	-0.00478
567	X450-1x402	371	48.22371967654986	0.4688809333460604	1.200e-52	0.07359
568	X450-2x402	375	58.62133333333333	0.09109892364163835	2.446e-09	0.0219
569	X451A-1x402	219	40.182648401826484	0.9585314584280935	5.818e-152	0.26806
570	X451A-4x402	346	33.22832369942196	0.2154580441515212	6.858e-20	-0.05392
571	X451A-5x402	332	54.91265060240964	0.0988296559106645	4.752e-09	-0.02302
572	X451AL-1x402	329	89.29483282674772	0.7080663713486105	1.962e-89	-0.08589
573	X452B-5x402-v	607	50.18121911037891	0.5287744919007861	6.314e-101	0.11173
574	X452BL-1x402-v	478	45.80753138075314	0.2841970617622454	1.882e-36	0.04827
575	X454-3x402	444	24.765765765765767	0.11197799643789927	4.453e-13	-0.05651
576	X454L-1x402	259	54.054054054054056	0.6517830033662539	8.248e-61	0.10376
577	X455-3x402	463	46.09287257019439	0.0006987336679840999	5.705e-01	0.00309
578	X456-2x402	320	24.99375	0.87236857124478	3.366e-144	-0.32425
579	X456L-1x402	503	49.363817097415506	0.3913126065089162	5.559e-56	-0.12626
580	X456L-3x402	157	43.81528662420382	0.7664809842088193	8.090e-51	-0.07203
581	X457-1x402	430	59.027906976744184	0.0002342113619113318	7.517e-01	0.0009
582	X458-1x402	492	31.71747967479675	0.6464613124340576	1.042e-112	-0.22572
583	X459-2x402	409	60.229828850855746	0.3476000838883122	1.197e-39	-0.06245
584	X459L-1x402	279	66.9605734767025	0.6994369461817728	2.827e-74	0.09673
585	X460-2x402	644	58.91925465838509	0.040754975770829795	2.386e-07	0.02007
586	X460-3x402	493	43.27991886409736	0.04714834503777392	1.132e-06	-0.03667
587	X460L-1x402	595	55.66890756302521	0.2764492460778851	1.334e-43	0.08869
588	X461B-1x402-v	437	41.94736842105263	0.3592908552513469	5.646e-44	-0.08667
589	X461B-3x402-v	542	53.83210332103321	0.20452366695442178	1.113e-28	0.0461
590	X461B-4x402-v	628	55.78503184713376	0.7613578536640034	6.271e-197	-0.12669
591	X461BL-2x402-v	366	37.795081967213115	0.5119231161037	1.176e-58	0.13675
592	X462A-1x402	469	36.43496801705757	0.38281861764344494	6.846e-51	0.08597
593	X462A-3x402	500	46.424	0.1014948996204538	2.945e-13	0.03345
594	X463A-1x402	554	57.22202166064982	0.5663996987677239	3.093e-102	-0.08992
595	X463A-2x402	581	76.5473321858864	0.8316047729722423	3.826e-226	0.11101
596	X463A-3x402	656	59.6234756097561	0.45588233597616823	1.719e-88	0.07891
597	X465B-3x402-v	533	48.20637898686679	0.5731509239130339	3.143e-100	-0.12067
598	X465BL-3x402-v	617	58.66612641815235	0.7210465613544607	1.200e-172	-0.12218
599	X466-4x402	233	61.69098712446352	0.13193768000411657	1.124e-08	-0.02438
600	X466-5x402	315	43.473015873015875	0.7511015720252914	1.559e-96	0.12805
601	X466L-2x402	102	37.754901960784316	0.0010805924781866652	7.429e-01	-0.00175
602	X467B-3x402-v	641	42.449297971918874	0.2660889409604015	7.207e-45	-0.07466
603	X467BL-1x402-v	378	53.56878306878307	0.5132978666269234	9.189e-61	-0.16145
604	X468A-1x402	283	61.72791519434629	0.33044245775506104	2.740e-26	-0.03713
605	X468A-2x402	384	60.3984375	0.5100890103200818	3.699e-61	0.06228
606	X468A-5x402	379	53.71767810026385	0.6377564206644365	3.821e-85	0.14278
607	X468AL-2x402	444	48.30855855855856	0.3934453716152595	6.227e-50	0.08535
608	X469A-2x402	506	45.533596837944664	0.5020049087511887	2.512e-78	-0.07353
609	X469A-3x402	456	23.842105263157894	0.0006950803690202627	5.744e-01	0.00194
610	X469B-2x402-v	540	67.72962962962963	0.6609888585096482	1.792e-128	0.19858
611	X469BL-2x402-v	467	57.355460385438974	0.8510878633739632	2.037e-194	-0.12062
612	X470-2x402	447	39.277404921700224	0.059604811372185505	1.727e-07	-0.0246
613	X471A-1x402-v	476	46.523109243697476	0.009575133101340984	3.281e-02	-0.00712
614	X471A-2x402	439	49.07972665148064	0.8425121958840021	1.648e-177	0.11124
615	X471B-1x402-v	668	47.958083832335326	0.12673759331789172	2.165e-21	-0.07191
616	X472A-2x402-v	557	57.1113105924596	0.32963190419094474	3.724e-50	-0.0873
617	X472A-4x402-v	514	59.77237354085603	0.4083990213565161	2.397e-60	-0.07076
618	X472B-1x402-v	653	49.355283307810105	0.38425059341936924	1.421e-70	0.08187
619	X472BL-3x402-v	489	35.02862985685071	0.3662775309369853	3.443e-50	0.03388
620	X474-1x402	506	30.541501976284586	0.10608209200672371	5.725e-14	0.06303
621	X474-2x402	544	43.841911764705884	0.04148314860256735	1.669e-06	0.01405
622	X474-4x402	574	46.26655052264808	8.423764436431871e-06	9.447e-01	-0.0004
623	X475A-5x402	352	50.21022727272727	0.21695253894750402	2.344e-20	0.0501
624	X478A-2x402	586	26.69283276450512	0.15266622452338144	8.214e-23	0.12635
625	X478A-3x402	563	30.788632326820604	0.5258239058567001	5.851e-93	-0.16401
626	X479A-1x402	430	42.967441860465115	0.028625093948355784	4.257e-04	0.0119
627	X480A-4x402	503	50.34990059642147	0.023136889900276177	6.196e-04	0.01215
628	X480AL-1x402	465	42.266666666666666	0.2872796142600412	6.141e-36	0.06983
629	X481A-1x402	315	26.107936507936508	0.018121737569279678	1.682e-02	0.01536
630	X481A-2x402	504	38.595238095238095	0.13405404032677123	1.961e-17	-0.05895
631	X481A-3x402	576	38.21180555555556	0.0609531028652178	1.906e-09	0.04136
632	X481AL-1x402	217	20.087557603686637	0.8097436797086563	2.040e-79	0.17089
633	X484-3x402	400	51.8675	0.017774591339251668	7.585e-03	-0.01798
634	X485-3x402	510	57.423529411764704	0.4431530727500466	1.385e-66	-0.05886
635	X485-5x402	351	56.3048433048433	0.046736754444192785	4.423e-05	-0.02582
636	X485L-3x402	340	59.173529411764704	0.3625932846131302	6.334e-35	0.07188
637	X486-1x402	675	71.4162962962963	0.6558708905020384	4.850e-158	0.10614
638	X486-2x402	498	90.28714859437751	0.541225326819067	5.797e-86	0.04954
639	X486-3x402	398	67.10804020100502	0.4318917070118114	1.449e-50	0.05255
640	X487A-1x402	545	56.777981651376145	0.6003420794145646	3.184e-110	0.2281
641	X487B-2x402-v	695	32.69496402877698	0.41454731765718056	1.281e-82	0.16085
642	X487B-3x402-v	699	53.29041487839771	0.20270011462300902	3.463e-36	0.07147
643	X488-1x402T	659	62.39605462822458	0.0016520358466031303	2.975e-01	0.00611
644	X488-2x402	631	33.90491283676704	0.4148166801735648	3.205e-75	-0.07876
645	X489-3x402	578	57.108996539792386	0.3553505908588526	6.762e-57	-0.0507
646	X489-4x402	335	26.256716417910447	0.9018769914658461	6.202e-170	0.2012
647	X489-5x402	576	38.560763888888886	0.12393680458986941	3.007e-18	-0.03169
648	X490-1x402	593	54.20910623946037	0.003156886090543836	1.718e-01	0.0048
649	X490-3x402	489	54.25153374233129	0.6090397037492441	2.235e-101	0.08611
650	X490-5x402	634	59.61671924290221	0.23026034303792783	7.993e-38	-0.04558
651	X491-1x402	560	0.43392857142857144	0.46639231318682617	3.874e-78	-0.01593
652	X491-5x402	685	53.1007299270073	0.28638211072306835	5.165e-52	-0.07386
653	X491L-2x402	689	56.99274310595065	0.8219083741040335	1.324e-259	-0.11544
654	X492-1x402	620	72.70645161290322	0.8244659397474939	1.137e-235	-0.15961
655	X492-2x402	610	67.22295081967214	0.00795173795149921	2.765e-02	-0.00618
656	X492-3x402	608	73.35197368421052	0.5973017116578042	8.528e-122	-0.06837
657	X494-1x402	612	63.78921568627451	0.0563556936890275	2.748e-09	-0.03683
658	X494-2x402	585	52.02735042735043	0.26666898643511494	3.458e-41	-0.08204
659	X494-4x402	531	65.46327683615819	0.8900375072953625	9.427e-256	-0.1388
660	X495B-1x402-v	632	52.33227848101266	0.0391323322011631	5.363e-07	-0.02699
661	X495B-2x402-v	501	45.29540918163673	0.07491976091169833	4.645e-10	0.02653
662	X495B-5x402-v	641	63.85023400936038	0.000493453015239127	5.745e-01	-0.00213
663	X497BL-2x400-v	646	49.0061919504644	0.29446504188989203	9.642e-51	0.09376
664	X498-2x402	642	62.02336448598131	0.06032346027848723	2.828e-10	0.03379
665	X498-3x402	532	46.0093984962406	0.12603743178731253	3.016e-17	0.03506
666	X498-4x402	285	43.4	0.2229396876761591	3.132e-17	-0.04284
667	X498-5x402	492	45.40853658536585	0.8701426232019274	2.432e-219	0.17212
668	X498L-2x403	601	72.00166389351081	0.03388388234972279	5.568e-06	-0.02362
669	X540-1x400	449	39.69042316258352	0.6347314533912107	8.290e-100	0.09227
670	X540-3x400	431	65.97215777262181	0.154969231270113	1.991e-17	-0.03264
671	X541A-1x543-2	534	48.9063670411985	0.2073338528750748	1.085e-28	-0.03402
672	X541A-2@	509	70.10805500982319	0.42714409130568404	2.496e-63	0.05518
673	X541A-3@	402	77.9776119402985	0.09183040052560303	5.526e-10	0.02816
674	X541A-4x401	580	71.8551724137931	0.23094447874016796	7.557e-35	-0.06833
675	X542-1x403	391	68.83375959079284	0.08901168419110135	1.764e-09	-0.01869
676	X542-2@	462	76.41341991341992	0.8822925653642151	7.626e-216	-0.21138
677	X542-3@	573	72.28446771378708	0.1896929501657395	6.320e-28	0.03638
678	X542-4x543-3	520	43.56923076923077	0.013098684841434777	8.997e-03	0.00917
679	X543-1@	316	49.45253164556962	0.20112534664834095	4.844e-17	0.03166
680	X543-5@	460	57.32826086956522	0.011923359221612495	1.915e-02	-0.01153
681	X544-1@	466	54.69957081545064	0.5499216626464092	1.821e-82	0.17984
682	X545-1@	344	46.33139534883721	0.0024035441418710805	3.647e-01	0.00264
683	X546-1@	133	44.015037593984964	0.4884104066666447	8.494e-21	-0.06879
684	X546-3@	582	31.441580756013746	0.30819990430297595	2.335e-48	0.08236
685	X546-4@	490	27.348979591836734	0.10992804441638702	4.895e-14	-0.04201
686	X547-1@	440	58.013636363636365	0.6955922120948368	3.437e-115	-0.10358
687	X548A-1@	383	52.38381201044386	0.6092343720827941	9.509e-80	-0.09913
688	X548A-2@	458	51.10043668122271	0.028850408947116588	2.605e-04	0.0263
689	X548A-3@	348	31.42528735632184	0.8534669659024957	2.361e-146	0.15741
690	X548A-5xmini maize	569	14.838312829525483	0.44633453427366465	8.125e-75	0.1496
691	X548A-8@	304	66.8125	0.06861240532040672	3.668e-06	-0.01926
692	X548B-2@	205	47.42926829268293	0.8074112680693666	1.526e-74	-0.15088
693	X549A-1@	332	62.53915662650602	0.34494786952154816	3.602e-32	0.06601
694	X549A-2@	387	64.40568475452196	0.3362622646224564	3.782e-36	-0.04341
695	X549A-3@	297	38.7003367003367	0.4501353413494555	3.357e-40	-0.05229
696	X549A-4@	482	63.47925311203319	0.09153648035346817	1.163e-11	0.02789
697	X549B-10@	315	28.13015873015873	0.018907062818345644	1.459e-02	-0.0194
698	X549B-2@	405	37.51851851851852	0.8952288265454281	1.591e-199	-0.30591
699	X549B-3@	299	28.682274247491637	0.7183117211145581	1.064e-83	0.07062
700	X549B-4@	290	65.56206896551724	0.19673010443439007	2.085e-15	-0.02597
701	X549B-5@	327	53.38532110091743	0.09932683177613114	5.662e-09	-0.01758
702	X549B-8@	358	50.201117318435756	0.17282183928709366	2.158e-16	0.03127
703	X550A-10@	486	56.135802469135804	0.8675032715117109	1.458e-214	-0.15893
704	X550A-11@	475	40.1621052631579	0.4083419435218893	7.115e-56	-0.11805
705	X550A-3	523	34.376673040152966	0.828777028067241	8.450e-202	-0.36018
706	X550A-8@	228	35.921052631578945	0.2569287428803541	2.758e-16	0.05572
707	X550A-9@	543	48.52854511970534	0.08091004958788703	1.448e-11	0.04884
708	X550B-13@	383	50.56919060052219	0.7278982596813952	9.909e-110	-0.136
709	X550B-2@	480	61.36666666666667	0.8451900170766213	9.127e-196	0.16637
710	X550B-6@	428	44.44392523364486	0.695297708959148	5.382e-112	0.12314
711	X551A-11@	496	32.00403225806452	0.45709009648023236	1.591e-67	0.1411
712	X551A-1@	393	70.60814249363868	0.40930297268547844	1.258e-46	-0.08042
713	X551A-3@	506	51.39328063241107	0.3133066260886219	4.623e-43	0.10254
714	X551A-4@	464	61.4698275862069	0.4037863368984164	7.635e-54	0.06798
715	X551B-2@	492	39.33130081300813	0.03080360488187659	9.097e-05	0.01584
716	X552AL-1x402	620	70.05	0.31692409282687434	4.029e-53	-0.08206
717	X552AL-2x402	523	50.231357552581265	0.12891407461706966	2.337e-17	-0.03282
718	X552AL-3x402	565	69.00353982300885	0.5978666175818815	1.853e-113	0.06934
719	X552AL-4x402	541	70.68207024029574	0.0897473163739251	1.111e-12	0.04574
720	X552AL-5x402	636	65.39779874213836	0.8671104869762912	4.766e-280	0.15764
721	X552AL-6x402	580	74.61379310344827	0.023447624903500757	2.142e-04	0.00969
722	X552AL-6xx	449	49.98663697104677	0.046912197843880794	3.625e-06	0.02008
723	X552AL-7xx	444	61.86486486486486	0.29852933421647904	6.417e-36	-0.10234
724	X554A-2x400	294	41.465986394557824	0.18838760866959972	6.167e-15	0.02332
725	X554A-3x400	449	66.88641425389756	0.07587150683243275	2.928e-09	-0.02211
726	X554A-4x400	573	57.73996509598604	0.5411134262015104	1.183e-98	0.108
727	X555A-1x400	460	62.834782608695654	0.684471460400381	8.571e-117	0.10883
728	X555A-3x403	628	65.45222929936305	0.04623822223815788	5.277e-08	-0.02185
729	X555A-4x401	599	66.44908180300501	0.5670826022440076	1.269e-110	-0.08416
730	X568AL-4x402	648	64.32407407407408	0.0007141010050832841	4.971e-01	-0.00232
731	X569AL-2x400	690	61.9768115942029	0.3623224712222108	3.056e-69	-0.1334
732	X570AL-1x400	478	56.01673640167364	0.7963055392026498	1.410e-166	-0.09349
733	X570AL-4x400	623	58.325842696629216	0.3672398427698056	1.015e-63	0.12024
734	X571A-1x402	677	58.72525849335303	0.3240557117145079	2.116e-59	0.09474
735	X571A-2x400	654	59.44648318042813	0.09898504647300062	1.713e-16	0.03486
736	X571B-1x402	584	59.042808219178085	0.27617509608346297	8.915e-43	0.04285
737	X572A-4x400	714	59.404761904761905	0.5683256438382165	5.169e-132	-0.14195
738	X572A-5x400	676	64.27071005917159	0.8635498684500653	1.013e-293	-0.1548
739	X572B-4x400	657	73.76712328767124	0.40245047762318825	2.836e-75	-0.05003
740	X573B-6x410-v	628	57.54299363057325	0.01901702736422978	5.292e-04	0.01935
741	X573B-6x410	600	22.60333333333333	0.11513505742210278	1.241e-17	0.06023
742	X573B-7x410-v	651	56.40706605222734	0.02713293906282264	2.404e-05	0.01442
743	X573B-7x410	621	23.428341384863124	0.42537763980151977	1.658e-76	0.14869
744	X573C-1x410-v	641	57.31357254290172	0.5463682455858823	8.840e-112	0.07307
745	X573C-6x410-v	708	77.58757062146893	0.31832343484418507	9.502e-61	-0.05552
746	X573C-6x410	707	40.15275813295615	0.37873916685310544	6.555e-75	-0.13532
747	_X552AL-8x402	587	75.57921635434413	0.46064706211359646	1.813e-80	0.11902
