	File	Step_Size	Window_Start	Window_End	Total_Kernels	Total_Fluor	Total_NonFluor	P-Value	window_mean	Normalized_Window_Mean	Percent_Transmission
0	X401x492-2m1.xml	2	145	545	64	16	48	8.97231061542391e-05	345.0	0.0	0.25
1	X401x492-2m1.xml	2	147	547	63	15	48	4.6402715469026154e-05	347.0	0.0016181229773462784	0.23809523809523808
2	X401x492-2m1.xml	2	149	549	62	14	48	2.293159794297126e-05	349.0	0.003236245954692557	0.22580645161290322
3	X401x492-2m1.xml	2	151	551	62	14	48	2.293159794297126e-05	351.0	0.0048543689320388345	0.22580645161290322
4	X401x492-2m1.xml	2	153	553	62	14	48	2.293159794297126e-05	353.0	0.006472491909385114	0.22580645161290322
5	X401x492-2m1.xml	2	155	555	62	14	48	2.293159794297126e-05	355.0	0.008090614886731391	0.22580645161290322
6	X401x492-2m1.xml	2	157	557	63	14	49	1.5485264889178404e-05	357.0	0.009708737864077669	0.2222222222222222
7	X401x492-2m1.xml	2	159	559	64	14	50	1.0437516943959827e-05	359.0	0.011326860841423949	0.21875
8	X401x492-2m1.xml	2	161	561	64	14	50	1.0437516943959827e-05	361.0	0.012944983818770227	0.21875
9	X401x492-2m1.xml	2	163	563	65	14	51	7.113964683280524e-06	363.0	0.014563106796116505	0.2153846153846154
10	X401x492-2m1.xml	2	165	565	66	14	52	4.885165202830766e-06	365.0	0.016181229773462782	0.21212121212121213
11	X401x492-2m1.xml	2	167	567	67	14	53	3.2535471840581453e-06	367.0	0.01779935275080906	0.208955223880597
12	X401x492-2m1.xml	2	169	569	68	14	54	2.133014256020122e-06	369.0	0.019417475728155338	0.20588235294117646
13	X401x492-2m1.xml	2	171	571	66	14	52	4.885165202830766e-06	371.0	0.021035598705501618	0.21212121212121213
14	X401x492-2m1.xml	2	173	573	65	14	51	7.113964683280524e-06	373.0	0.022653721682847898	0.2153846153846154
15	X401x492-2m1.xml	2	175	575	65	14	51	7.113964683280524e-06	375.0	0.024271844660194174	0.2153846153846154
16	X401x492-2m1.xml	2	177	577	65	14	51	7.113964683280524e-06	377.0	0.025889967637540454	0.2153846153846154
17	X401x492-2m1.xml	2	179	579	65	14	51	7.113964683280524e-06	379.0	0.02750809061488673	0.2153846153846154
18	X401x492-2m1.xml	2	181	581	68	15	53	6.669684656073544e-06	381.0	0.02912621359223301	0.22058823529411764
19	X401x492-2m1.xml	2	183	583	68	15	53	6.669684656073544e-06	383.0	0.030744336569579287	0.22058823529411764
20	X401x492-2m1.xml	2	185	585	68	15	53	6.669684656073544e-06	385.0	0.032362459546925564	0.22058823529411764
21	X401x492-2m1.xml	2	187	587	68	15	53	6.669684656073544e-06	387.0	0.03398058252427184	0.22058823529411764
22	X401x492-2m1.xml	2	189	589	68	15	53	6.669684656073544e-06	389.0	0.03559870550161812	0.22058823529411764
23	X401x492-2m1.xml	2	191	591	69	16	53	1.273967658148948e-05	391.0	0.0372168284789644	0.2318840579710145
24	X401x492-2m1.xml	2	193	593	68	16	52	1.876996996568641e-05	393.0	0.038834951456310676	0.23529411764705882
25	X401x492-2m1.xml	2	195	595	68	16	52	1.876996996568641e-05	395.0	0.040453074433656956	0.23529411764705882
26	X401x492-2m1.xml	2	197	597	67	15	52	9.678492012900815e-06	397.0	0.042071197411003236	0.22388059701492538
27	X401x492-2m1.xml	2	199	599	67	15	52	9.678492012900815e-06	399.0	0.043689320388349516	0.22388059701492538
28	X401x492-2m1.xml	2	201	601	67	15	52	9.678492012900815e-06	401.0	0.045307443365695796	0.22388059701492538
29	X401x492-2m1.xml	2	203	603	67	15	52	9.678492012900815e-06	403.0	0.04692556634304207	0.22388059701492538
30	X401x492-2m1.xml	2	205	605	67	15	52	9.678492012900815e-06	405.0	0.04854368932038835	0.22388059701492538
31	X401x492-2m1.xml	2	207	607	67	15	52	9.678492012900815e-06	407.0	0.05016181229773463	0.22388059701492538
32	X401x492-2m1.xml	2	209	609	68	15	53	6.669684656073544e-06	409.0	0.05177993527508091	0.22058823529411764
33	X401x492-2m1.xml	2	211	611	66	14	52	4.885165202830766e-06	411.0	0.05339805825242718	0.21212121212121213
34	X401x492-2m1.xml	2	213	613	65	14	51	7.113964683280524e-06	413.0	0.05501618122977346	0.2153846153846154
35	X401x492-2m1.xml	2	215	615	65	14	51	7.113964683280524e-06	415.0	0.05663430420711974	0.2153846153846154
36	X401x492-2m1.xml	2	217	617	65	14	51	7.113964683280524e-06	417.0	0.05825242718446602	0.2153846153846154
37	X401x492-2m1.xml	2	219	619	65	14	51	7.113964683280524e-06	419.0	0.059870550161812294	0.2153846153846154
38	X401x492-2m1.xml	2	221	621	65	14	51	7.113964683280524e-06	421.0	0.061488673139158574	0.2153846153846154
39	X401x492-2m1.xml	2	223	623	64	14	50	1.0437516943959827e-05	423.0	0.06310679611650485	0.21875
40	X401x492-2m1.xml	2	225	625	66	14	52	4.885165202830766e-06	425.0	0.06472491909385113	0.21212121212121213
41	X401x492-2m1.xml	2	227	627	68	14	54	2.133014256020122e-06	427.0	0.06634304207119741	0.20588235294117646
42	X401x492-2m1.xml	2	229	629	68	14	54	2.133014256020122e-06	429.0	0.06796116504854369	0.20588235294117646
43	X401x492-2m1.xml	2	231	631	68	14	54	2.133014256020122e-06	431.0	0.06957928802588997	0.20588235294117646
44	X401x492-2m1.xml	2	233	633	68	14	54	2.133014256020122e-06	433.0	0.07119741100323625	0.20588235294117646
45	X401x492-2m1.xml	2	235	635	68	14	54	2.133014256020122e-06	435.0	0.07281553398058252	0.20588235294117646
46	X401x492-2m1.xml	2	237	637	68	14	54	2.133014256020122e-06	437.0	0.0744336569579288	0.20588235294117646
47	X401x492-2m1.xml	2	239	639	68	14	54	2.133014256020122e-06	439.0	0.07605177993527508	0.20588235294117646
48	X401x492-2m1.xml	2	241	641	69	14	55	1.4278989113125322e-06	441.0	0.07766990291262135	0.2028985507246377
49	X401x492-2m1.xml	2	243	643	69	14	55	1.4278989113125322e-06	443.0	0.07928802588996764	0.2028985507246377
50	X401x492-2m1.xml	2	245	645	69	14	55	1.4278989113125322e-06	445.0	0.08090614886731391	0.2028985507246377
51	X401x492-2m1.xml	2	247	647	69	14	55	1.4278989113125322e-06	447.0	0.0825242718446602	0.2028985507246377
52	X401x492-2m1.xml	2	249	649	70	14	56	9.42805028434835e-07	449.0	0.08414239482200647	0.2
53	X401x492-2m1.xml	2	251	651	70	14	56	9.42805028434835e-07	451.0	0.08576051779935275	0.2
54	X401x492-2m1.xml	2	253	653	70	14	56	9.42805028434835e-07	453.0	0.08737864077669903	0.2
55	X401x492-2m1.xml	2	255	655	69	12	57	1.2077355108446203e-07	455.0	0.0889967637540453	0.17391304347826086
56	X401x492-2m1.xml	2	257	657	69	12	57	1.2077355108446203e-07	457.0	0.09061488673139159	0.17391304347826086
57	X401x492-2m1.xml	2	259	659	68	11	57	4.9612639043613306e-08	459.0	0.09223300970873786	0.16176470588235295
58	X401x492-2m1.xml	2	261	661	68	11	57	4.9612639043613306e-08	461.0	0.09385113268608414	0.16176470588235295
59	X401x492-2m1.xml	2	263	663	68	11	57	4.9612639043613306e-08	463.0	0.09546925566343042	0.16176470588235295
60	X401x492-2m1.xml	2	265	665	68	11	57	4.9612639043613306e-08	465.0	0.0970873786407767	0.16176470588235295
61	X401x492-2m1.xml	2	267	667	66	10	56	3.157048279150071e-08	467.0	0.09870550161812297	0.15151515151515152
62	X401x492-2m1.xml	2	269	669	65	10	55	4.9347467199168076e-08	469.0	0.10032362459546926	0.15384615384615385
63	X401x492-2m1.xml	2	271	671	65	10	55	4.9347467199168076e-08	471.0	0.10194174757281553	0.15384615384615385
64	X401x492-2m1.xml	2	273	673	65	10	55	4.9347467199168076e-08	473.0	0.10355987055016182	0.15384615384615385
65	X401x492-2m1.xml	2	275	675	65	10	55	4.9347467199168076e-08	475.0	0.10517799352750809	0.15384615384615385
66	X401x492-2m1.xml	2	277	677	65	10	55	4.9347467199168076e-08	477.0	0.10679611650485436	0.15384615384615385
67	X401x492-2m1.xml	2	279	679	65	10	55	4.9347467199168076e-08	479.0	0.10841423948220065	0.15384615384615385
68	X401x492-2m1.xml	2	281	681	64	10	54	7.657680238686961e-08	481.0	0.11003236245954692	0.15625
69	X401x492-2m1.xml	2	283	683	64	10	54	7.657680238686961e-08	483.0	0.11165048543689321	0.15625
70	X401x492-2m1.xml	2	285	685	66	10	56	3.157048279150071e-08	485.0	0.11326860841423948	0.15151515151515152
71	X401x492-2m1.xml	2	287	687	66	10	56	3.157048279150071e-08	487.0	0.11488673139158576	0.15151515151515152
72	X401x492-2m1.xml	2	289	689	68	10	58	1.2627458975432078e-08	489.0	0.11650485436893204	0.14705882352941177
73	X401x492-2m1.xml	2	291	691	68	10	58	1.2627458975432078e-08	491.0	0.11812297734627832	0.14705882352941177
74	X401x492-2m1.xml	2	293	693	70	10	60	5.033117472361671e-09	493.0	0.11974110032362459	0.14285714285714285
75	X401x492-2m1.xml	2	295	695	70	10	60	5.033117472361671e-09	495.0	0.12135922330097088	0.14285714285714285
76	X401x492-2m1.xml	2	297	697	70	10	60	5.033117472361671e-09	497.0	0.12297734627831715	0.14285714285714285
77	X401x492-2m1.xml	2	299	699	70	10	60	5.033117472361671e-09	499.0	0.12459546925566344	0.14285714285714285
78	X401x492-2m1.xml	2	301	701	71	10	61	3.1967863089682584e-09	501.0	0.1262135922330097	0.14084507042253522
79	X401x492-2m1.xml	2	303	703	71	10	61	3.1967863089682584e-09	503.0	0.127831715210356	0.14084507042253522
80	X401x492-2m1.xml	2	305	705	72	10	62	2.0071414811536818e-09	505.0	0.12944983818770225	0.1388888888888889
81	X401x492-2m1.xml	2	307	707	72	10	62	2.0071414811536818e-09	507.0	0.13106796116504854	0.1388888888888889
82	X401x492-2m1.xml	2	309	709	72	10	62	2.0071414811536818e-09	509.0	0.13268608414239483	0.1388888888888889
83	X401x492-2m1.xml	2	311	711	72	10	62	2.0071414811536818e-09	511.0	0.1343042071197411	0.1388888888888889
84	X401x492-2m1.xml	2	313	713	72	10	62	2.0071414811536818e-09	513.0	0.13592233009708737	0.1388888888888889
85	X401x492-2m1.xml	2	315	715	73	10	63	1.292500195934381e-09	515.0	0.13754045307443366	0.136986301369863
86	X401x492-2m1.xml	2	317	717	73	10	63	1.292500195934381e-09	517.0	0.13915857605177995	0.136986301369863
87	X401x492-2m1.xml	2	319	719	72	10	62	2.0071414811536818e-09	519.0	0.1407766990291262	0.1388888888888889
88	X401x492-2m1.xml	2	321	721	73	10	63	1.292500195934381e-09	521.0	0.1423948220064725	0.136986301369863
89	X401x492-2m1.xml	2	323	723	72	10	62	2.0071414811536818e-09	523.0	0.14401294498381878	0.1388888888888889
90	X401x492-2m1.xml	2	325	725	72	10	62	2.0071414811536818e-09	525.0	0.14563106796116504	0.1388888888888889
91	X401x492-2m1.xml	2	327	727	70	9	61	1.2111369407931513e-09	527.0	0.14724919093851133	0.12857142857142856
92	X401x492-2m1.xml	2	329	729	70	9	61	1.2111369407931513e-09	529.0	0.1488673139158576	0.12857142857142856
93	X401x492-2m1.xml	2	331	731	70	9	61	1.2111369407931513e-09	531.0	0.15048543689320387	0.12857142857142856
94	X401x492-2m1.xml	2	333	733	69	9	60	1.924221015047873e-09	533.0	0.15210355987055016	0.13043478260869565
95	X401x492-2m1.xml	2	335	735	70	9	61	1.2111369407931513e-09	535.0	0.15372168284789645	0.12857142857142856
96	X401x492-2m1.xml	2	337	737	71	8	63	1.6782225039681536e-10	537.0	0.1553398058252427	0.11267605633802817
97	X401x492-2m1.xml	2	339	739	70	7	63	5.6756238696635756e-11	539.0	0.156957928802589	0.1
98	X401x492-2m1.xml	2	341	741	71	7	64	3.659955721301236e-11	541.0	0.15857605177993528	0.09859154929577464
99	X401x492-2m1.xml	2	343	743	70	7	63	5.6756238696635756e-11	543.0	0.16019417475728157	0.1
100	X401x492-2m1.xml	2	345	745	72	7	65	2.3241267963158975e-11	545.0	0.16181229773462782	0.09722222222222222
101	X401x492-2m1.xml	2	347	747	72	7	65	2.3241267963158975e-11	547.0	0.1634304207119741	0.09722222222222222
102	X401x492-2m1.xml	2	349	749	72	7	65	2.3241267963158975e-11	549.0	0.1650485436893204	0.09722222222222222
103	X401x492-2m1.xml	2	351	751	72	6	66	4.830901587568287e-12	551.0	0.16666666666666666	0.08333333333333333
104	X401x492-2m1.xml	2	353	753	72	6	66	4.830901587568287e-12	553.0	0.16828478964401294	0.08333333333333333
105	X401x492-2m1.xml	2	355	755	73	6	67	3.1004359156823606e-12	555.0	0.16990291262135923	0.0821917808219178
106	X401x492-2m1.xml	2	357	757	73	6	67	3.1004359156823606e-12	557.0	0.1715210355987055	0.0821917808219178
107	X401x492-2m1.xml	2	359	759	72	6	66	4.830901587568287e-12	559.0	0.17313915857605178	0.08333333333333333
108	X401x492-2m1.xml	2	361	761	72	6	66	4.830901587568287e-12	561.0	0.17475728155339806	0.08333333333333333
109	X401x492-2m1.xml	2	363	763	72	6	66	4.830901587568287e-12	563.0	0.17637540453074432	0.08333333333333333
110	X401x492-2m1.xml	2	365	765	73	6	67	3.1004359156823606e-12	565.0	0.1779935275080906	0.0821917808219178
111	X401x492-2m1.xml	2	367	767	73	6	67	3.1004359156823606e-12	567.0	0.1796116504854369	0.0821917808219178
112	X401x492-2m1.xml	2	369	769	72	6	66	4.830901587568287e-12	569.0	0.18122977346278318	0.08333333333333333
113	X401x492-2m1.xml	2	371	771	71	6	65	7.770231672659045e-12	571.0	0.18284789644012944	0.08450704225352113
114	X401x492-2m1.xml	2	373	773	72	6	66	4.830901587568287e-12	573.0	0.18446601941747573	0.08333333333333333
115	X401x492-2m1.xml	2	375	775	72	6	66	4.830901587568287e-12	575.0	0.18608414239482202	0.08333333333333333
116	X401x492-2m1.xml	2	377	777	72	6	66	4.830901587568287e-12	577.0	0.18770226537216828	0.08333333333333333
117	X401x492-2m1.xml	2	379	779	73	6	67	3.1004359156823606e-12	579.0	0.18932038834951456	0.0821917808219178
118	X401x492-2m1.xml	2	381	781	75	6	69	1.3033287101138238e-12	581.0	0.19093851132686085	0.08
119	X401x492-2m1.xml	2	383	783	75	6	69	1.3033287101138238e-12	583.0	0.1925566343042071	0.08
120	X401x492-2m1.xml	2	385	785	75	6	69	1.3033287101138238e-12	585.0	0.1941747572815534	0.08
121	X401x492-2m1.xml	2	387	787	75	6	69	1.3033287101138238e-12	587.0	0.19579288025889968	0.08
122	X401x492-2m1.xml	2	389	789	75	6	69	1.3033287101138238e-12	589.0	0.19741100323624594	0.08
123	X401x492-2m1.xml	2	391	791	74	6	68	1.9728367245535834e-12	591.0	0.19902912621359223	0.08108108108108109
124	X401x492-2m1.xml	2	393	793	74	6	68	1.9728367245535834e-12	593.0	0.20064724919093851	0.08108108108108109
125	X401x492-2m1.xml	2	395	795	74	6	68	1.9728367245535834e-12	595.0	0.2022653721682848	0.08108108108108109
126	X401x492-2m1.xml	2	397	797	74	6	68	1.9728367245535834e-12	597.0	0.20388349514563106	0.08108108108108109
127	X401x492-2m1.xml	2	399	799	73	6	67	3.1004359156823606e-12	599.0	0.20550161812297735	0.0821917808219178
128	X401x492-2m1.xml	2	401	801	74	6	68	1.9728367245535834e-12	601.0	0.20711974110032363	0.08108108108108109
129	X401x492-2m1.xml	2	403	803	74	6	68	1.9728367245535834e-12	603.0	0.2087378640776699	0.08108108108108109
130	X401x492-2m1.xml	2	405	805	74	6	68	1.9728367245535834e-12	605.0	0.21035598705501618	0.08108108108108109
131	X401x492-2m1.xml	2	407	807	74	5	69	4.991643047952047e-13	607.0	0.21197411003236247	0.06756756756756757
132	X401x492-2m1.xml	2	409	809	74	4	70	1.187697793982774e-13	609.0	0.21359223300970873	0.05405405405405406
133	X401x492-2m1.xml	2	411	811	74	4	70	1.187697793982774e-13	611.0	0.215210355987055	0.05405405405405406
134	X401x492-2m1.xml	2	413	813	74	4	70	1.187697793982774e-13	613.0	0.2168284789644013	0.05405405405405406
135	X401x492-2m1.xml	2	415	815	74	4	70	1.187697793982774e-13	615.0	0.21844660194174756	0.05405405405405406
136	X401x492-2m1.xml	2	417	817	75	4	71	8.665670974229215e-14	617.0	0.22006472491909385	0.05333333333333334
137	X401x492-2m1.xml	2	419	819	77	5	72	1.4673082217067309e-13	619.0	0.22168284789644013	0.06493506493506493
138	X401x492-2m1.xml	2	421	821	78	5	73	1.0312914064676872e-13	621.0	0.22330097087378642	0.0641025641025641
139	X401x492-2m1.xml	2	423	823	78	5	73	1.0312914064676872e-13	623.0	0.22491909385113268	0.0641025641025641
140	X401x492-2m1.xml	2	425	825	77	5	72	1.4673082217067309e-13	625.0	0.22653721682847897	0.06493506493506493
141	X401x492-2m1.xml	2	427	827	77	5	72	1.4673082217067309e-13	627.0	0.22815533980582525	0.06493506493506493
142	X401x492-2m1.xml	2	429	829	75	5	70	3.2641354525564057e-13	629.0	0.2297734627831715	0.06666666666666667
143	X401x492-2m1.xml	2	431	831	76	5	71	2.1674548652085558e-13	631.0	0.2313915857605178	0.06578947368421052
144	X401x492-2m1.xml	2	433	833	77	6	71	5.904029464583015e-13	633.0	0.23300970873786409	0.07792207792207792
145	X401x492-2m1.xml	2	435	835	77	6	71	5.904029464583015e-13	635.0	0.23462783171521034	0.07792207792207792
146	X401x492-2m1.xml	2	437	837	78	6	72	3.912175344325393e-13	637.0	0.23624595469255663	0.07692307692307693
147	X401x492-2m1.xml	2	439	839	77	6	71	5.904029464583015e-13	639.0	0.23786407766990292	0.07792207792207792
148	X401x492-2m1.xml	2	441	841	77	6	71	5.904029464583015e-13	641.0	0.23948220064724918	0.07792207792207792
149	X401x492-2m1.xml	2	443	843	76	6	70	8.968019497333563e-13	643.0	0.24110032362459546	0.07894736842105263
150	X401x492-2m1.xml	2	445	845	76	6	70	8.968019497333563e-13	645.0	0.24271844660194175	0.07894736842105263
151	X401x492-2m1.xml	2	447	847	75	6	69	1.3033287101138238e-12	647.0	0.24433656957928804	0.08
152	X401x492-2m1.xml	2	449	849	76	6	70	8.968019497333563e-13	649.0	0.2459546925566343	0.07894736842105263
153	X401x492-2m1.xml	2	451	851	76	6	70	8.968019497333563e-13	651.0	0.24757281553398058	0.07894736842105263
154	X401x492-2m1.xml	2	453	853	76	6	70	8.968019497333563e-13	653.0	0.24919093851132687	0.07894736842105263
155	X401x492-2m1.xml	2	455	855	78	6	72	3.912175344325393e-13	655.0	0.25080906148867316	0.07692307692307693
156	X401x492-2m1.xml	2	457	857	77	6	71	5.904029464583015e-13	657.0	0.2524271844660194	0.07792207792207792
157	X401x492-2m1.xml	2	459	859	76	6	70	8.968019497333563e-13	659.0	0.2540453074433657	0.07894736842105263
158	X401x492-2m1.xml	2	461	861	76	6	70	8.968019497333563e-13	661.0	0.255663430420712	0.07894736842105263
159	X401x492-2m1.xml	2	463	863	76	6	70	8.968019497333563e-13	663.0	0.25728155339805825	0.07894736842105263
160	X401x492-2m1.xml	2	465	865	75	6	69	1.3033287101138238e-12	665.0	0.2588996763754045	0.08
161	X401x492-2m1.xml	2	467	867	75	6	69	1.3033287101138238e-12	667.0	0.2605177993527508	0.08
162	X401x492-2m1.xml	2	469	869	75	6	69	1.3033287101138238e-12	669.0	0.2621359223300971	0.08
163	X401x492-2m1.xml	2	471	871	76	6	70	8.968019497333563e-13	671.0	0.26375404530744334	0.07894736842105263
164	X401x492-2m1.xml	2	473	873	76	6	70	8.968019497333563e-13	673.0	0.26537216828478966	0.07894736842105263
165	X401x492-2m1.xml	2	475	875	77	6	71	5.904029464583015e-13	675.0	0.2669902912621359	0.07792207792207792
166	X401x492-2m1.xml	2	477	877	79	6	73	2.567012291892189e-13	677.0	0.2686084142394822	0.0759493670886076
167	X401x492-2m1.xml	2	479	879	77	6	71	5.904029464583015e-13	679.0	0.2702265372168285	0.07792207792207792
168	X401x492-2m1.xml	2	481	881	77	6	71	5.904029464583015e-13	681.0	0.27184466019417475	0.07792207792207792
169	X401x492-2m1.xml	2	483	883	77	6	71	5.904029464583015e-13	683.0	0.27346278317152106	0.07792207792207792
170	X401x492-2m1.xml	2	485	885	78	6	72	3.912175344325393e-13	685.0	0.2750809061488673	0.07692307692307693
171	X401x492-2m1.xml	2	487	887	78	6	72	3.912175344325393e-13	687.0	0.2766990291262136	0.07692307692307693
172	X401x492-2m1.xml	2	489	889	78	6	72	3.912175344325393e-13	689.0	0.2783171521035599	0.07692307692307693
173	X401x492-2m1.xml	2	491	891	79	6	73	2.567012291892189e-13	691.0	0.27993527508090615	0.0759493670886076
174	X401x492-2m1.xml	2	493	893	79	6	73	2.567012291892189e-13	693.0	0.2815533980582524	0.0759493670886076
175	X401x492-2m1.xml	2	495	895	80	7	73	7.257488215576728e-13	695.0	0.28317152103559873	0.0875
176	X401x492-2m1.xml	2	497	897	79	7	72	1.0360483386209722e-12	697.0	0.284789644012945	0.08860759493670886
177	X401x492-2m1.xml	2	499	899	79	7	72	1.0360483386209722e-12	699.0	0.28640776699029125	0.08860759493670886
178	X401x492-2m1.xml	2	501	901	79	7	72	1.0360483386209722e-12	701.0	0.28802588996763756	0.08860759493670886
179	X401x492-2m1.xml	2	503	903	78	7	71	1.53831858906343e-12	703.0	0.2896440129449838	0.08974358974358974
180	X401x492-2m1.xml	2	505	905	78	7	71	1.53831858906343e-12	705.0	0.2912621359223301	0.08974358974358974
181	X401x492-2m1.xml	2	507	907	78	7	71	1.53831858906343e-12	707.0	0.2928802588996764	0.08974358974358974
182	X401x492-2m1.xml	2	509	909	78	7	71	1.53831858906343e-12	709.0	0.29449838187702265	0.08974358974358974
183	X401x492-2m1.xml	2	511	911	78	7	71	1.53831858906343e-12	711.0	0.2961165048543689	0.08974358974358974
184	X401x492-2m1.xml	2	513	913	78	7	71	1.53831858906343e-12	713.0	0.2977346278317152	0.08974358974358974
185	X401x492-2m1.xml	2	515	915	78	7	71	1.53831858906343e-12	715.0	0.2993527508090615	0.08974358974358974
186	X401x492-2m1.xml	2	517	917	79	7	72	1.0360483386209722e-12	717.0	0.30097087378640774	0.08860759493670886
187	X401x492-2m1.xml	2	519	919	79	7	72	1.0360483386209722e-12	719.0	0.30258899676375406	0.08860759493670886
188	X401x492-2m1.xml	2	521	921	79	7	72	1.0360483386209722e-12	721.0	0.3042071197411003	0.08860759493670886
189	X401x492-2m1.xml	2	523	923	79	7	72	1.0360483386209722e-12	723.0	0.3058252427184466	0.08860759493670886
190	X401x492-2m1.xml	2	525	925	79	7	72	1.0360483386209722e-12	725.0	0.3074433656957929	0.08860759493670886
191	X401x492-2m1.xml	2	527	927	77	7	70	2.3925025097262126e-12	727.0	0.30906148867313915	0.09090909090909091
192	X401x492-2m1.xml	2	529	929	79	7	72	1.0360483386209722e-12	729.0	0.3106796116504854	0.08860759493670886
193	X401x492-2m1.xml	2	531	931	78	6	72	3.912175344325393e-13	731.0	0.3122977346278317	0.07692307692307693
194	X401x492-2m1.xml	2	533	933	78	6	72	3.912175344325393e-13	733.0	0.313915857605178	0.07692307692307693
195	X401x492-2m1.xml	2	535	935	77	6	71	5.904029464583015e-13	735.0	0.3155339805825243	0.07792207792207792
196	X401x492-2m1.xml	2	537	937	79	6	73	2.567012291892189e-13	737.0	0.31715210355987056	0.0759493670886076
197	X401x492-2m1.xml	2	539	939	79	6	73	2.567012291892189e-13	739.0	0.3187702265372168	0.0759493670886076
198	X401x492-2m1.xml	2	541	941	80	6	74	1.710619594834686e-13	741.0	0.32038834951456313	0.075
199	X401x492-2m1.xml	2	543	943	80	6	74	1.710619594834686e-13	743.0	0.3220064724919094	0.075
200	X401x492-2m1.xml	2	545	945	81	6	75	1.187697793982774e-13	745.0	0.32362459546925565	0.07407407407407407
201	X401x492-2m1.xml	2	547	947	82	6	76	8.745166338205236e-14	747.0	0.32524271844660196	0.07317073170731707
202	X401x492-2m1.xml	2	549	949	83	6	77	5.693124638231698e-14	749.0	0.3268608414239482	0.07228915662650602
203	X401x492-2m1.xml	2	551	951	83	6	77	5.693124638231698e-14	751.0	0.3284789644012945	0.07228915662650602
204	X401x492-2m1.xml	2	553	953	84	6	78	4.0294758908806025e-14	753.0	0.3300970873786408	0.07142857142857142
205	X401x492-2m1.xml	2	555	955	84	6	78	4.0294758908806025e-14	755.0	0.33171521035598706	0.07142857142857142
206	X401x492-2m1.xml	2	557	957	84	6	78	4.0294758908806025e-14	757.0	0.3333333333333333	0.07142857142857142
207	X401x492-2m1.xml	2	559	959	82	6	76	8.745166338205236e-14	759.0	0.33495145631067963	0.07317073170731707
208	X401x492-2m1.xml	2	561	961	82	6	76	8.745166338205236e-14	761.0	0.3365695792880259	0.07317073170731707
209	X401x492-2m1.xml	2	563	963	81	6	75	1.187697793982774e-13	763.0	0.33818770226537215	0.07407407407407407
210	X401x492-2m1.xml	2	565	965	80	6	74	1.710619594834686e-13	765.0	0.33980582524271846	0.075
211	X401x492-2m1.xml	2	567	967	79	6	73	2.567012291892189e-13	767.0	0.3414239482200647	0.0759493670886076
212	X401x492-2m1.xml	2	569	969	80	6	74	1.710619594834686e-13	769.0	0.343042071197411	0.075
213	X401x492-2m1.xml	2	571	971	80	6	74	1.710619594834686e-13	771.0	0.3446601941747573	0.075
214	X401x492-2m1.xml	2	573	973	80	6	74	1.710619594834686e-13	773.0	0.34627831715210355	0.075
215	X401x492-2m1.xml	2	575	975	81	6	75	1.187697793982774e-13	775.0	0.3478964401294498	0.07407407407407407
216	X401x492-2m1.xml	2	577	977	81	6	75	1.187697793982774e-13	777.0	0.34951456310679613	0.07407407407407407
217	X401x492-2m1.xml	2	579	979	81	6	75	1.187697793982774e-13	779.0	0.3511326860841424	0.07407407407407407
218	X401x492-2m1.xml	2	581	981	80	6	74	1.710619594834686e-13	781.0	0.35275080906148865	0.075
219	X401x492-2m1.xml	2	583	983	78	5	73	1.0312914064676872e-13	783.0	0.35436893203883496	0.0641025641025641
220	X401x492-2m1.xml	2	585	985	80	5	75	4.714581756311682e-14	785.0	0.3559870550161812	0.0625
221	X401x492-2m1.xml	2	587	987	80	5	75	4.714581756311682e-14	787.0	0.35760517799352753	0.0625
222	X401x492-2m1.xml	2	589	989	80	5	75	4.714581756311682e-14	789.0	0.3592233009708738	0.0625
223	X401x492-2m1.xml	2	591	991	80	5	75	4.714581756311682e-14	791.0	0.36084142394822005	0.0625
224	X401x492-2m1.xml	2	593	993	81	5	76	3.370110336379187e-14	793.0	0.36245954692556637	0.06172839506172839
225	X401x492-2m1.xml	2	595	995	81	5	76	3.370110336379187e-14	795.0	0.3640776699029126	0.06172839506172839
226	X401x492-2m1.xml	2	597	997	82	5	77	2.6013138203725917e-14	797.0	0.3656957928802589	0.06097560975609756
227	X401x492-2m1.xml	2	599	999	82	5	77	2.6013138203725917e-14	799.0	0.3673139158576052	0.06097560975609756
228	X401x492-2m1.xml	2	601	1001	83	5	78	2.6013138203725917e-14	801.0	0.36893203883495146	0.060240963855421686
229	X401x492-2m1.xml	2	603	1003	83	5	78	2.6013138203725917e-14	803.0	0.3705501618122977	0.060240963855421686
230	X401x492-2m1.xml	2	605	1005	84	5	79	2.4759037081203142e-14	805.0	0.37216828478964403	0.05952380952380952
231	X401x492-2m1.xml	2	607	1007	83	5	78	2.6013138203725917e-14	807.0	0.3737864077669903	0.060240963855421686
232	X401x492-2m1.xml	2	609	1009	82	5	77	2.6013138203725917e-14	809.0	0.37540453074433655	0.06097560975609756
233	X401x492-2m1.xml	2	611	1011	83	5	78	2.6013138203725917e-14	811.0	0.37702265372168287	0.060240963855421686
234	X401x492-2m1.xml	2	613	1013	83	5	78	2.6013138203725917e-14	813.0	0.3786407766990291	0.060240963855421686
235	X401x492-2m1.xml	2	615	1015	83	5	78	2.6013138203725917e-14	815.0	0.3802588996763754	0.060240963855421686
236	X401x492-2m1.xml	2	617	1017	82	5	77	2.6013138203725917e-14	817.0	0.3818770226537217	0.06097560975609756
237	X401x492-2m1.xml	2	619	1019	81	5	76	3.370110336379187e-14	819.0	0.38349514563106796	0.06172839506172839
238	X401x492-2m1.xml	2	621	1021	82	5	77	2.6013138203725917e-14	821.0	0.3851132686084142	0.06097560975609756
239	X401x492-2m1.xml	2	623	1023	82	5	77	2.6013138203725917e-14	823.0	0.38673139158576053	0.06097560975609756
240	X401x492-2m1.xml	2	625	1025	81	5	76	3.370110336379187e-14	825.0	0.3883495145631068	0.06172839506172839
241	X401x492-2m1.xml	2	627	1027	80	5	75	4.714581756311682e-14	827.0	0.38996763754045305	0.0625
242	X401x492-2m1.xml	2	629	1029	81	5	76	3.370110336379187e-14	829.0	0.39158576051779936	0.06172839506172839
243	X401x492-2m1.xml	2	631	1031	81	5	76	3.370110336379187e-14	831.0	0.3932038834951456	0.06172839506172839
244	X401x492-2m1.xml	2	633	1033	82	5	77	2.6013138203725917e-14	833.0	0.3948220064724919	0.06097560975609756
245	X401x492-2m1.xml	2	635	1035	82	5	77	2.6013138203725917e-14	835.0	0.3964401294498382	0.06097560975609756
246	X401x492-2m1.xml	2	637	1037	82	5	77	2.6013138203725917e-14	837.0	0.39805825242718446	0.06097560975609756
247	X401x492-2m1.xml	2	639	1039	82	5	77	2.6013138203725917e-14	839.0	0.39967637540453077	0.06097560975609756
248	X401x492-2m1.xml	2	641	1041	81	5	76	3.370110336379187e-14	841.0	0.40129449838187703	0.06172839506172839
249	X401x492-2m1.xml	2	643	1043	82	5	77	2.6013138203725917e-14	843.0	0.4029126213592233	0.06097560975609756
250	X401x492-2m1.xml	2	645	1045	84	5	79	2.4759037081203142e-14	845.0	0.4045307443365696	0.05952380952380952
251	X401x492-2m1.xml	2	647	1047	85	5	80	2.2378457296963875e-14	847.0	0.40614886731391586	0.058823529411764705
252	X401x492-2m1.xml	2	649	1049	85	6	79	3.2488845363588233e-14	849.0	0.4077669902912621	0.07058823529411765
253	X401x492-2m1.xml	2	651	1051	85	6	79	3.2488845363588233e-14	851.0	0.40938511326860844	0.07058823529411765
254	X401x492-2m1.xml	2	653	1053	86	6	80	2.6013138203725917e-14	853.0	0.4110032362459547	0.06976744186046512
255	X401x492-2m1.xml	2	655	1055	86	6	80	2.6013138203725917e-14	855.0	0.41262135922330095	0.06976744186046512
256	X401x492-2m1.xml	2	657	1057	86	6	80	2.6013138203725917e-14	857.0	0.41423948220064727	0.06976744186046512
257	X401x492-2m1.xml	2	659	1059	86	6	80	2.6013138203725917e-14	859.0	0.41585760517799353	0.06976744186046512
258	X401x492-2m1.xml	2	661	1061	88	6	82	2.2378457296963875e-14	861.0	0.4174757281553398	0.06818181818181818
259	X401x492-2m1.xml	2	663	1063	88	6	82	2.2378457296963875e-14	863.0	0.4190938511326861	0.06818181818181818
260	X401x492-2m1.xml	2	665	1065	88	6	82	2.2378457296963875e-14	865.0	0.42071197411003236	0.06818181818181818
261	X401x492-2m1.xml	2	667	1067	88	6	82	2.2378457296963875e-14	867.0	0.4223300970873786	0.06818181818181818
262	X401x492-2m1.xml	2	669	1069	88	6	82	2.2378457296963875e-14	869.0	0.42394822006472493	0.06818181818181818
263	X401x492-2m1.xml	2	671	1071	88	6	82	2.2378457296963875e-14	871.0	0.4255663430420712	0.06818181818181818
264	X401x492-2m1.xml	2	673	1073	88	6	82	2.2378457296963875e-14	873.0	0.42718446601941745	0.06818181818181818
265	X401x492-2m1.xml	2	675	1075	87	6	81	2.6013138203725917e-14	875.0	0.42880258899676377	0.06896551724137931
266	X401x492-2m1.xml	2	677	1077	86	5	81	2.2378457296963875e-14	877.0	0.43042071197411	0.05813953488372093
267	X401x492-2m1.xml	2	679	1079	86	5	81	2.2378457296963875e-14	879.0	0.4320388349514563	0.05813953488372093
268	X401x492-2m1.xml	2	681	1081	85	5	80	2.2378457296963875e-14	881.0	0.4336569579288026	0.058823529411764705
269	X401x492-2m1.xml	2	683	1083	86	5	81	2.2378457296963875e-14	883.0	0.43527508090614886	0.05813953488372093
270	X401x492-2m1.xml	2	685	1085	86	5	81	2.2378457296963875e-14	885.0	0.4368932038834951	0.05813953488372093
271	X401x492-2m1.xml	2	687	1087	85	5	80	2.2378457296963875e-14	887.0	0.43851132686084143	0.058823529411764705
272	X401x492-2m1.xml	2	689	1089	85	5	80	2.2378457296963875e-14	889.0	0.4401294498381877	0.058823529411764705
273	X401x492-2m1.xml	2	691	1091	83	5	78	2.6013138203725917e-14	891.0	0.441747572815534	0.060240963855421686
274	X401x492-2m1.xml	2	693	1093	81	5	76	3.370110336379187e-14	893.0	0.44336569579288027	0.06172839506172839
275	X401x492-2m1.xml	2	695	1095	81	5	76	3.370110336379187e-14	895.0	0.4449838187702265	0.06172839506172839
276	X401x492-2m1.xml	2	697	1097	81	5	76	3.370110336379187e-14	897.0	0.44660194174757284	0.06172839506172839
277	X401x492-2m1.xml	2	699	1099	82	5	77	2.6013138203725917e-14	899.0	0.4482200647249191	0.06097560975609756
278	X401x492-2m1.xml	2	701	1101	83	5	78	2.6013138203725917e-14	901.0	0.44983818770226536	0.060240963855421686
279	X401x492-2m1.xml	2	703	1103	82	5	77	2.6013138203725917e-14	903.0	0.45145631067961167	0.06097560975609756
280	X401x492-2m1.xml	2	705	1105	82	5	77	2.6013138203725917e-14	905.0	0.45307443365695793	0.06097560975609756
281	X401x492-2m1.xml	2	707	1107	83	6	77	5.693124638231698e-14	907.0	0.4546925566343042	0.07228915662650602
282	X401x492-2m1.xml	2	709	1109	83	6	77	5.693124638231698e-14	909.0	0.4563106796116505	0.07228915662650602
283	X401x492-2m1.xml	2	711	1111	83	6	77	5.693124638231698e-14	911.0	0.45792880258899676	0.07228915662650602
284	X401x492-2m1.xml	2	713	1113	84	6	78	4.0294758908806025e-14	913.0	0.459546925566343	0.07142857142857142
285	X401x492-2m1.xml	2	715	1115	84	6	78	4.0294758908806025e-14	915.0	0.46116504854368934	0.07142857142857142
286	X401x492-2m1.xml	2	717	1117	85	7	78	1.0312914064676872e-13	917.0	0.4627831715210356	0.08235294117647059
287	X401x492-2m1.xml	2	719	1119	85	7	78	1.0312914064676872e-13	919.0	0.46440129449838186	0.08235294117647059
288	X401x492-2m1.xml	2	721	1121	86	7	79	7.077068573026979e-14	921.0	0.46601941747572817	0.08139534883720931
289	X401x492-2m1.xml	2	723	1123	85	7	78	1.0312914064676872e-13	923.0	0.46763754045307443	0.08235294117647059
290	X401x492-2m1.xml	2	725	1125	86	8	78	2.5043724651046984e-13	925.0	0.4692556634304207	0.09302325581395349
291	X401x492-2m1.xml	2	727	1127	86	8	78	2.5043724651046984e-13	927.0	0.470873786407767	0.09302325581395349
292	X401x492-2m1.xml	2	729	1129	87	8	79	1.704704873090192e-13	929.0	0.47249190938511326	0.09195402298850575
293	X401x492-2m1.xml	2	731	1131	87	8	79	1.704704873090192e-13	931.0	0.4741100323624595	0.09195402298850575
294	X401x492-2m1.xml	2	733	1133	88	8	80	1.187697793982774e-13	933.0	0.47572815533980584	0.09090909090909091
295	X401x492-2m1.xml	2	735	1135	87	8	79	1.704704873090192e-13	935.0	0.4773462783171521	0.09195402298850575
296	X401x492-2m1.xml	2	737	1137	85	8	77	3.811275746513688e-13	937.0	0.47896440129449835	0.09411764705882353
297	X401x492-2m1.xml	2	739	1139	86	8	78	2.5043724651046984e-13	939.0	0.48058252427184467	0.09302325581395349
298	X401x492-2m1.xml	2	741	1141	86	9	77	9.503198393432836e-13	941.0	0.48220064724919093	0.10465116279069768
299	X401x492-2m1.xml	2	743	1143	87	10	77	2.3426158711830583e-12	943.0	0.48381877022653724	0.11494252873563218
300	X401x492-2m1.xml	2	745	1145	86	10	76	3.632708953362813e-12	945.0	0.4854368932038835	0.11627906976744186
301	X401x492-2m1.xml	2	747	1147	85	10	75	5.527967463484938e-12	947.0	0.48705501618122976	0.11764705882352941
302	X401x492-2m1.xml	2	749	1149	85	10	75	5.527967463484938e-12	949.0	0.4886731391585761	0.11764705882352941
303	X401x492-2m1.xml	2	751	1151	84	10	74	8.769137075168124e-12	951.0	0.49029126213592233	0.11904761904761904
304	X401x492-2m1.xml	2	753	1153	85	10	75	5.527967463484938e-12	953.0	0.4919093851132686	0.11764705882352941
305	X401x492-2m1.xml	2	755	1155	84	10	74	8.769137075168124e-12	955.0	0.4935275080906149	0.11904761904761904
306	X401x492-2m1.xml	2	757	1157	84	10	74	8.769137075168124e-12	957.0	0.49514563106796117	0.11904761904761904
307	X401x492-2m1.xml	2	759	1159	84	11	73	3.659955721301236e-11	959.0	0.4967637540453074	0.13095238095238096
308	X401x492-2m1.xml	2	761	1161	85	11	74	2.3241267963158975e-11	961.0	0.49838187702265374	0.12941176470588237
309	X401x492-2m1.xml	2	763	1163	85	11	74	2.3241267963158975e-11	963.0	0.5	0.12941176470588237
310	X401x492-2m1.xml	2	765	1165	85	11	74	2.3241267963158975e-11	965.0	0.5016181229773463	0.12941176470588237
311	X401x492-2m1.xml	2	767	1167	86	11	75	1.497506115920823e-11	967.0	0.5032362459546925	0.12790697674418605
312	X401x492-2m1.xml	2	769	1169	86	11	75	1.497506115920823e-11	969.0	0.5048543689320388	0.12790697674418605
313	X401x492-2m1.xml	2	771	1171	86	11	75	1.497506115920823e-11	971.0	0.5064724919093851	0.12790697674418605
314	X401x492-2m1.xml	2	773	1173	86	11	75	1.497506115920823e-11	973.0	0.5080906148867314	0.12790697674418605
315	X401x492-2m1.xml	2	775	1175	85	11	74	2.3241267963158975e-11	975.0	0.5097087378640777	0.12941176470588237
316	X401x492-2m1.xml	2	777	1177	86	11	75	1.497506115920823e-11	977.0	0.511326860841424	0.12790697674418605
317	X401x492-2m1.xml	2	779	1179	85	11	74	2.3241267963158975e-11	979.0	0.5129449838187702	0.12941176470588237
318	X401x492-2m1.xml	2	781	1181	84	11	73	3.659955721301236e-11	981.0	0.5145631067961165	0.13095238095238096
319	X401x492-2m1.xml	2	783	1183	83	11	72	5.6328825697457646e-11	983.0	0.5161812297734628	0.13253012048192772
320	X401x492-2m1.xml	2	785	1185	83	11	72	5.6328825697457646e-11	985.0	0.517799352750809	0.13253012048192772
321	X401x492-2m1.xml	2	787	1187	83	11	72	5.6328825697457646e-11	987.0	0.5194174757281553	0.13253012048192772
322	X401x492-2m1.xml	2	789	1189	83	11	72	5.6328825697457646e-11	989.0	0.5210355987055016	0.13253012048192772
323	X401x492-2m1.xml	2	791	1191	82	11	71	8.828640592250863e-11	991.0	0.5226537216828478	0.13414634146341464
324	X401x492-2m1.xml	2	793	1193	83	11	72	5.6328825697457646e-11	993.0	0.5242718446601942	0.13253012048192772
325	X401x492-2m1.xml	2	795	1195	86	11	75	1.497506115920823e-11	995.0	0.5258899676375405	0.12790697674418605
326	X401x492-2m1.xml	2	797	1197	86	11	75	1.497506115920823e-11	997.0	0.5275080906148867	0.12790697674418605
327	X401x492-2m1.xml	2	799	1199	86	11	75	1.497506115920823e-11	999.0	0.529126213592233	0.12790697674418605
328	X401x492-2m1.xml	2	801	1201	86	11	75	1.497506115920823e-11	1001.0	0.5307443365695793	0.12790697674418605
329	X401x492-2m1.xml	2	803	1203	86	12	74	5.90567752435469e-11	1003.0	0.5323624595469255	0.13953488372093023
330	X401x492-2m1.xml	2	805	1205	87	12	75	3.84577523958734e-11	1005.0	0.5339805825242718	0.13793103448275862
331	X401x492-2m1.xml	2	807	1207	86	12	74	5.90567752435469e-11	1007.0	0.5355987055016181	0.13953488372093023
332	X401x492-2m1.xml	2	809	1209	86	12	74	5.90567752435469e-11	1009.0	0.5372168284789643	0.13953488372093023
333	X401x492-2m1.xml	2	811	1211	87	12	75	3.84577523958734e-11	1011.0	0.5388349514563107	0.13793103448275862
334	X401x492-2m1.xml	2	813	1213	87	12	75	3.84577523958734e-11	1013.0	0.540453074433657	0.13793103448275862
335	X401x492-2m1.xml	2	815	1215	87	12	75	3.84577523958734e-11	1015.0	0.5420711974110033	0.13793103448275862
336	X401x492-2m1.xml	2	817	1217	87	12	75	3.84577523958734e-11	1017.0	0.5436893203883495	0.13793103448275862
337	X401x492-2m1.xml	2	819	1219	84	11	73	3.659955721301236e-11	1019.0	0.5453074433656958	0.13095238095238096
338	X401x492-2m1.xml	2	821	1221	84	11	73	3.659955721301236e-11	1021.0	0.5469255663430421	0.13095238095238096
339	X401x492-2m1.xml	2	823	1223	84	12	72	1.481742082392295e-10	1023.0	0.5485436893203883	0.14285714285714285
340	X401x492-2m1.xml	2	825	1225	84	12	72	1.481742082392295e-10	1025.0	0.5501618122977346	0.14285714285714285
341	X401x492-2m1.xml	2	827	1227	84	12	72	1.481742082392295e-10	1027.0	0.551779935275081	0.14285714285714285
342	X401x492-2m1.xml	2	829	1229	85	13	72	3.77056014134919e-10	1029.0	0.5533980582524272	0.15294117647058825
343	X401x492-2m1.xml	2	831	1231	86	13	73	2.4368393494436785e-10	1031.0	0.5550161812297735	0.1511627906976744
344	X401x492-2m1.xml	2	833	1233	86	13	73	2.4368393494436785e-10	1033.0	0.5566343042071198	0.1511627906976744
345	X401x492-2m1.xml	2	835	1235	85	12	73	9.37680551479884e-11	1035.0	0.558252427184466	0.1411764705882353
346	X401x492-2m1.xml	2	837	1237	85	13	72	3.77056014134919e-10	1037.0	0.5598705501618123	0.15294117647058825
347	X401x492-2m1.xml	2	839	1239	85	13	72	3.77056014134919e-10	1039.0	0.5614886731391586	0.15294117647058825
348	X401x492-2m1.xml	2	841	1241	85	13	72	3.77056014134919e-10	1041.0	0.5631067961165048	0.15294117647058825
349	X401x492-2m1.xml	2	843	1243	85	13	72	3.77056014134919e-10	1043.0	0.5647249190938511	0.15294117647058825
350	X401x492-2m1.xml	2	845	1245	85	13	72	3.77056014134919e-10	1045.0	0.5663430420711975	0.15294117647058825
351	X401x492-2m1.xml	2	847	1247	85	13	72	3.77056014134919e-10	1047.0	0.5679611650485437	0.15294117647058825
352	X401x492-2m1.xml	2	849	1249	84	13	71	5.94639823197508e-10	1049.0	0.56957928802589	0.15476190476190477
353	X401x492-2m1.xml	2	851	1251	84	13	71	5.94639823197508e-10	1051.0	0.5711974110032363	0.15476190476190477
354	X401x492-2m1.xml	2	853	1253	86	15	71	3.4731727315144394e-09	1053.0	0.5728155339805825	0.1744186046511628
355	X401x492-2m1.xml	2	855	1255	84	15	69	8.292849531168887e-09	1055.0	0.5744336569579288	0.17857142857142858
356	X401x492-2m1.xml	2	857	1257	84	15	69	8.292849531168887e-09	1057.0	0.5760517799352751	0.17857142857142858
357	X401x492-2m1.xml	2	859	1259	84	15	69	8.292849531168887e-09	1059.0	0.5776699029126213	0.17857142857142858
358	X401x492-2m1.xml	2	861	1261	84	15	69	8.292849531168887e-09	1061.0	0.5792880258899676	0.17857142857142858
359	X401x492-2m1.xml	2	863	1263	85	16	69	1.9267183230291104e-08	1063.0	0.580906148867314	0.18823529411764706
360	X401x492-2m1.xml	2	865	1265	85	16	69	1.9267183230291104e-08	1065.0	0.5825242718446602	0.18823529411764706
361	X401x492-2m1.xml	2	867	1267	84	16	68	2.983456706178748e-08	1067.0	0.5841423948220065	0.19047619047619047
362	X401x492-2m1.xml	2	869	1269	85	17	68	6.435443544880407e-08	1069.0	0.5857605177993528	0.2
363	X401x492-2m1.xml	2	871	1271	84	17	67	9.817527025336209e-08	1071.0	0.587378640776699	0.20238095238095238
364	X401x492-2m1.xml	2	873	1273	85	17	68	6.435443544880407e-08	1073.0	0.5889967637540453	0.2
365	X401x492-2m1.xml	2	875	1275	86	18	68	1.3896262119398272e-07	1075.0	0.5906148867313916	0.20930232558139536
366	X401x492-2m1.xml	2	877	1277	86	19	67	4.3857331555115894e-07	1077.0	0.5922330097087378	0.22093023255813954
367	X401x492-2m1.xml	2	879	1279	85	19	66	6.366141934764575e-07	1079.0	0.5938511326860841	0.2235294117647059
368	X401x492-2m1.xml	2	881	1281	85	19	66	6.366141934764575e-07	1081.0	0.5954692556634305	0.2235294117647059
369	X401x492-2m1.xml	2	883	1283	85	19	66	6.366141934764575e-07	1083.0	0.5970873786407767	0.2235294117647059
370	X401x492-2m1.xml	2	885	1285	86	19	67	4.3857331555115894e-07	1085.0	0.598705501618123	0.22093023255813954
371	X401x492-2m1.xml	2	887	1287	85	19	66	6.366141934764575e-07	1087.0	0.6003236245954693	0.2235294117647059
372	X401x492-2m1.xml	2	889	1289	84	19	65	9.42805028434835e-07	1089.0	0.6019417475728155	0.2261904761904762
373	X401x492-2m1.xml	2	891	1291	84	19	65	9.42805028434835e-07	1091.0	0.6035598705501618	0.2261904761904762
374	X401x492-2m1.xml	2	893	1293	84	19	65	9.42805028434835e-07	1093.0	0.6051779935275081	0.2261904761904762
375	X401x492-2m1.xml	2	895	1295	83	18	65	4.658971260744037e-07	1095.0	0.6067961165048543	0.21686746987951808
376	X401x492-2m1.xml	2	897	1297	84	18	66	3.1729603008133884e-07	1097.0	0.6084142394822006	0.21428571428571427
377	X401x492-2m1.xml	2	899	1299	83	18	65	4.658971260744037e-07	1099.0	0.610032362459547	0.21686746987951808
378	X401x492-2m1.xml	2	901	1301	83	18	65	4.658971260744037e-07	1101.0	0.6116504854368932	0.21686746987951808
379	X401x492-2m1.xml	2	903	1303	83	18	65	4.658971260744037e-07	1103.0	0.6132686084142395	0.21686746987951808
380	X401x492-2m1.xml	2	905	1305	84	18	66	3.1729603008133884e-07	1105.0	0.6148867313915858	0.21428571428571427
381	X401x492-2m1.xml	2	907	1307	84	18	66	3.1729603008133884e-07	1107.0	0.616504854368932	0.21428571428571427
382	X401x492-2m1.xml	2	909	1309	84	18	66	3.1729603008133884e-07	1109.0	0.6181229773462783	0.21428571428571427
383	X401x492-2m1.xml	2	911	1311	84	18	66	3.1729603008133884e-07	1111.0	0.6197411003236246	0.21428571428571427
384	X401x492-2m1.xml	2	913	1313	83	18	65	4.658971260744037e-07	1113.0	0.6213592233009708	0.21686746987951808
385	X401x492-2m1.xml	2	915	1315	84	18	66	3.1729603008133884e-07	1115.0	0.6229773462783171	0.21428571428571427
386	X401x492-2m1.xml	2	917	1317	84	18	66	3.1729603008133884e-07	1117.0	0.6245954692556634	0.21428571428571427
387	X401x492-2m1.xml	2	919	1319	83	18	65	4.658971260744037e-07	1119.0	0.6262135922330098	0.21686746987951808
388	X401x492-2m1.xml	2	921	1321	83	18	65	4.658971260744037e-07	1121.0	0.627831715210356	0.21686746987951808
389	X401x492-2m1.xml	2	923	1323	83	18	65	4.658971260744037e-07	1123.0	0.6294498381877023	0.21686746987951808
390	X401x492-2m1.xml	2	925	1325	83	18	65	4.658971260744037e-07	1125.0	0.6310679611650486	0.21686746987951808
391	X401x492-2m1.xml	2	927	1327	83	18	65	4.658971260744037e-07	1127.0	0.6326860841423948	0.21686746987951808
392	X401x492-2m1.xml	2	929	1329	83	19	64	1.4183905956192735e-06	1129.0	0.6343042071197411	0.2289156626506024
393	X401x492-2m1.xml	2	931	1331	82	19	63	2.0926774555643996e-06	1131.0	0.6359223300970874	0.23170731707317074
394	X401x492-2m1.xml	2	933	1333	84	19	65	9.42805028434835e-07	1133.0	0.6375404530744336	0.2261904761904762
395	X401x492-2m1.xml	2	935	1335	85	20	65	1.8780581007891659e-06	1135.0	0.63915857605178	0.23529411764705882
396	X401x492-2m1.xml	2	937	1337	83	20	63	4.013353317180119e-06	1137.0	0.6407766990291263	0.24096385542168675
397	X401x492-2m1.xml	2	939	1339	83	20	63	4.013353317180119e-06	1139.0	0.6423948220064725	0.24096385542168675
398	X401x492-2m1.xml	2	941	1341	82	20	62	5.866079100546768e-06	1141.0	0.6440129449838188	0.24390243902439024
399	X401x492-2m1.xml	2	943	1343	82	20	62	5.866079100546768e-06	1143.0	0.6456310679611651	0.24390243902439024
400	X401x492-2m1.xml	2	945	1345	81	20	61	8.313902605848019e-06	1145.0	0.6472491909385113	0.24691358024691357
401	X401x492-2m1.xml	2	947	1347	80	20	60	1.1749191104941888e-05	1147.0	0.6488673139158576	0.25
402	X401x492-2m1.xml	2	949	1349	80	20	60	1.1749191104941888e-05	1149.0	0.6504854368932039	0.25
403	X401x492-2m1.xml	2	951	1351	79	20	59	1.7034472611331336e-05	1151.0	0.6521035598705501	0.25316455696202533
404	X401x492-2m1.xml	2	953	1353	80	20	60	1.1749191104941888e-05	1153.0	0.6537216828478964	0.25
405	X401x492-2m1.xml	2	955	1355	79	20	59	1.7034472611331336e-05	1155.0	0.6553398058252428	0.25316455696202533
406	X401x492-2m1.xml	2	957	1357	80	20	60	1.1749191104941888e-05	1157.0	0.656957928802589	0.25
407	X401x492-2m1.xml	2	959	1359	80	20	60	1.1749191104941888e-05	1159.0	0.6585760517799353	0.25
408	X401x492-2m1.xml	2	961	1361	81	20	61	8.313902605848019e-06	1161.0	0.6601941747572816	0.24691358024691357
409	X401x492-2m1.xml	2	963	1363	82	20	62	5.866079100546768e-06	1163.0	0.6618122977346278	0.24390243902439024
410	X401x492-2m1.xml	2	965	1365	84	20	64	2.7249466397723283e-06	1165.0	0.6634304207119741	0.23809523809523808
411	X401x492-2m1.xml	2	967	1367	84	20	64	2.7249466397723283e-06	1167.0	0.6650485436893204	0.23809523809523808
412	X401x492-2m1.xml	2	969	1369	85	20	65	1.8780581007891659e-06	1169.0	0.6666666666666666	0.23529411764705882
413	X401x492-2m1.xml	2	971	1371	83	20	63	4.013353317180119e-06	1171.0	0.6682847896440129	0.24096385542168675
414	X401x492-2m1.xml	2	973	1373	83	20	63	4.013353317180119e-06	1173.0	0.6699029126213593	0.24096385542168675
415	X401x492-2m1.xml	2	975	1375	83	21	62	1.0437516943959827e-05	1175.0	0.6715210355987055	0.25301204819277107
416	X401x492-2m1.xml	2	977	1377	83	21	62	1.0437516943959827e-05	1177.0	0.6731391585760518	0.25301204819277107
417	X401x492-2m1.xml	2	979	1379	83	21	62	1.0437516943959827e-05	1179.0	0.6747572815533981	0.25301204819277107
418	X401x492-2m1.xml	2	981	1381	83	21	62	1.0437516943959827e-05	1181.0	0.6763754045307443	0.25301204819277107
419	X401x492-2m1.xml	2	983	1383	83	21	62	1.0437516943959827e-05	1183.0	0.6779935275080906	0.25301204819277107
420	X401x492-2m1.xml	2	985	1385	82	21	61	1.4981820566577783e-05	1185.0	0.6796116504854369	0.25609756097560976
421	X401x492-2m1.xml	2	987	1387	82	22	60	3.922168003918889e-05	1187.0	0.6812297734627831	0.2682926829268293
422	X401x492-2m1.xml	2	989	1389	83	22	61	2.7058367953455097e-05	1189.0	0.6828478964401294	0.26506024096385544
423	X401x492-2m1.xml	2	991	1391	82	21	61	1.4981820566577783e-05	1191.0	0.6844660194174758	0.25609756097560976
424	X401x492-2m1.xml	2	993	1393	82	21	61	1.4981820566577783e-05	1193.0	0.686084142394822	0.25609756097560976
425	X401x492-2m1.xml	2	995	1395	82	21	61	1.4981820566577783e-05	1195.0	0.6877022653721683	0.25609756097560976
426	X401x492-2m1.xml	2	997	1397	81	21	60	2.1594201211581065e-05	1197.0	0.6893203883495146	0.25925925925925924
427	X401x492-2m1.xml	2	999	1399	81	21	60	2.1594201211581065e-05	1199.0	0.6909385113268608	0.25925925925925924
428	X401x492-2m1.xml	2	1001	1401	81	21	60	2.1594201211581065e-05	1201.0	0.6925566343042071	0.25925925925925924
429	X401x492-2m1.xml	2	1003	1403	80	21	59	3.119334437952317e-05	1203.0	0.6941747572815534	0.2625
430	X401x492-2m1.xml	2	1005	1405	81	22	59	5.616064963318331e-05	1205.0	0.6957928802588996	0.2716049382716049
431	X401x492-2m1.xml	2	1007	1407	81	22	59	5.616064963318331e-05	1207.0	0.6974110032362459	0.2716049382716049
432	X401x492-2m1.xml	2	1009	1409	81	22	59	5.616064963318331e-05	1209.0	0.6990291262135923	0.2716049382716049
433	X401x492-2m1.xml	2	1011	1411	80	22	58	8.091595859730308e-05	1211.0	0.7006472491909385	0.275
434	X401x492-2m1.xml	2	1013	1413	81	22	59	5.616064963318331e-05	1213.0	0.7022653721682848	0.2716049382716049
435	X401x492-2m1.xml	2	1015	1415	81	22	59	5.616064963318331e-05	1215.0	0.7038834951456311	0.2716049382716049
436	X401x492-2m1.xml	2	1017	1417	82	23	59	9.8788507534176e-05	1217.0	0.7055016181229773	0.2804878048780488
437	X401x492-2m1.xml	2	1019	1419	82	23	59	9.8788507534176e-05	1219.0	0.7071197411003236	0.2804878048780488
438	X401x492-2m1.xml	2	1021	1421	82	23	59	9.8788507534176e-05	1221.0	0.7087378640776699	0.2804878048780488
439	X401x492-2m1.xml	2	1023	1423	81	23	58	0.0001407131002784647	1223.0	0.7103559870550162	0.2839506172839506
440	X401x492-2m1.xml	2	1025	1425	83	23	60	6.944880210745328e-05	1225.0	0.7119741100323624	0.27710843373493976
441	X401x492-2m1.xml	2	1027	1427	81	23	58	0.0001407131002784647	1227.0	0.7135922330097088	0.2839506172839506
442	X401x492-2m1.xml	2	1029	1429	80	23	57	0.00019842445695265093	1229.0	0.7152103559870551	0.2875
443	X401x492-2m1.xml	2	1031	1431	80	23	57	0.00019842445695265093	1231.0	0.7168284789644013	0.2875
444	X401x492-2m1.xml	2	1033	1433	81	23	58	0.0001407131002784647	1233.0	0.7184466019417476	0.2839506172839506
445	X401x492-2m1.xml	2	1035	1435	80	23	57	0.00019842445695265093	1235.0	0.7200647249190939	0.2875
446	X401x492-2m1.xml	2	1037	1437	80	23	57	0.00019842445695265093	1237.0	0.7216828478964401	0.2875
447	X401x492-2m1.xml	2	1039	1439	80	23	57	0.00019842445695265093	1239.0	0.7233009708737864	0.2875
448	X401x492-2m1.xml	2	1041	1441	80	23	57	0.00019842445695265093	1241.0	0.7249190938511327	0.2875
449	X401x492-2m1.xml	2	1043	1443	79	23	56	0.0002819708818630057	1243.0	0.7265372168284789	0.2911392405063291
450	X401x492-2m1.xml	2	1045	1445	77	23	54	0.0005619069201423171	1245.0	0.7281553398058253	0.2987012987012987
451	X401x492-2m1.xml	2	1047	1447	76	23	53	0.0007860529198656417	1247.0	0.7297734627831716	0.3026315789473684
452	X401x492-2m1.xml	2	1049	1449	78	24	54	0.000921350811346179	1249.0	0.7313915857605178	0.3076923076923077
453	X401x492-2m1.xml	2	1051	1451	77	23	54	0.0005619069201423171	1251.0	0.7330097087378641	0.2987012987012987
454	X401x492-2m1.xml	2	1053	1453	77	23	54	0.0005619069201423171	1253.0	0.7346278317152104	0.2987012987012987
455	X401x492-2m1.xml	2	1055	1455	75	23	52	0.001071856090617199	1255.0	0.7362459546925566	0.30666666666666664
456	X401x492-2m1.xml	2	1057	1457	76	23	53	0.0007860529198656417	1257.0	0.7378640776699029	0.3026315789473684
457	X401x492-2m1.xml	2	1059	1459	76	23	53	0.0007860529198656417	1259.0	0.7394822006472492	0.3026315789473684
458	X401x492-2m1.xml	2	1061	1461	78	24	54	0.000921350811346179	1261.0	0.7411003236245954	0.3076923076923077
459	X401x492-2m1.xml	2	1063	1463	77	25	52	0.0026582745864376723	1263.0	0.7427184466019418	0.3246753246753247
460	X401x492-2m1.xml	2	1065	1465	77	25	52	0.0026582745864376723	1265.0	0.7443365695792881	0.3246753246753247
461	X401x492-2m1.xml	2	1067	1467	77	25	52	0.0026582745864376723	1267.0	0.7459546925566343	0.3246753246753247
462	X401x492-2m1.xml	2	1069	1469	78	25	53	0.0019551404665808046	1269.0	0.7475728155339806	0.32051282051282054
463	X401x492-2m1.xml	2	1071	1471	78	25	53	0.0019551404665808046	1271.0	0.7491909385113269	0.32051282051282054
464	X401x492-2m1.xml	2	1073	1473	79	25	54	0.0014408712967692344	1273.0	0.7508090614886731	0.31645569620253167
465	X401x492-2m1.xml	2	1075	1475	79	25	54	0.0014408712967692344	1275.0	0.7524271844660194	0.31645569620253167
466	X401x492-2m1.xml	2	1077	1477	80	25	55	0.0010531334776681873	1277.0	0.7540453074433657	0.3125
467	X401x492-2m1.xml	2	1079	1479	80	25	55	0.0010531334776681873	1279.0	0.7556634304207119	0.3125
468	X401x492-2m1.xml	2	1081	1481	80	25	55	0.0010531334776681873	1281.0	0.7572815533980582	0.3125
469	X401x492-2m1.xml	2	1083	1483	79	25	54	0.0014408712967692344	1283.0	0.7588996763754046	0.31645569620253167
470	X401x492-2m1.xml	2	1085	1485	80	25	55	0.0010531334776681873	1285.0	0.7605177993527508	0.3125
471	X401x492-2m1.xml	2	1087	1487	80	25	55	0.0010531334776681873	1287.0	0.7621359223300971	0.3125
472	X401x492-2m1.xml	2	1089	1489	80	25	55	0.0010531334776681873	1289.0	0.7637540453074434	0.3125
473	X401x492-2m1.xml	2	1091	1491	80	25	55	0.0010531334776681873	1291.0	0.7653721682847896	0.3125
474	X401x492-2m1.xml	2	1093	1493	80	25	55	0.0010531334776681873	1293.0	0.7669902912621359	0.3125
475	X401x492-2m1.xml	2	1095	1495	80	25	55	0.0010531334776681873	1295.0	0.7686084142394822	0.3125
476	X401x492-2m1.xml	2	1097	1497	80	25	55	0.0010531334776681873	1297.0	0.7702265372168284	0.3125
477	X401x492-2m1.xml	2	1099	1499	79	25	54	0.0014408712967692344	1299.0	0.7718446601941747	0.31645569620253167
478	X401x492-2m1.xml	2	1101	1501	79	25	54	0.0014408712967692344	1301.0	0.7734627831715211	0.31645569620253167
479	X401x492-2m1.xml	2	1103	1503	78	25	53	0.0019551404665808046	1303.0	0.7750809061488673	0.32051282051282054
480	X401x492-2m1.xml	2	1105	1505	78	25	53	0.0019551404665808046	1305.0	0.7766990291262136	0.32051282051282054
481	X401x492-2m1.xml	2	1107	1507	76	24	52	0.0017080367598046528	1307.0	0.7783171521035599	0.3157894736842105
482	X401x492-2m1.xml	2	1109	1509	77	25	52	0.0026582745864376723	1309.0	0.7799352750809061	0.3246753246753247
483	X401x492-2m1.xml	2	1111	1511	78	26	52	0.004069120892028523	1311.0	0.7815533980582524	0.3333333333333333
484	X401x492-2m1.xml	2	1113	1513	78	27	51	0.00777106493576242	1313.0	0.7831715210355987	0.34615384615384615
485	X401x492-2m1.xml	2	1115	1515	77	27	50	0.010047090080149554	1315.0	0.7847896440129449	0.35064935064935066
486	X401x492-2m1.xml	2	1117	1517	78	27	51	0.00777106493576242	1317.0	0.7864077669902912	0.34615384615384615
487	X401x492-2m1.xml	2	1119	1519	79	27	52	0.005985832875328343	1319.0	0.7880258899676376	0.34177215189873417
488	X401x492-2m1.xml	2	1121	1521	78	27	51	0.00777106493576242	1321.0	0.7896440129449838	0.34615384615384615
489	X401x492-2m1.xml	2	1123	1523	79	28	51	0.010993904100974132	1323.0	0.7912621359223301	0.35443037974683544
490	X401x492-2m1.xml	2	1125	1525	79	28	51	0.010993904100974132	1325.0	0.7928802588996764	0.35443037974683544
491	X401x492-2m1.xml	2	1127	1527	79	28	51	0.010993904100974132	1327.0	0.7944983818770227	0.35443037974683544
492	X401x492-2m1.xml	2	1129	1529	78	28	50	0.014005091897223397	1329.0	0.7961165048543689	0.358974358974359
493	X401x492-2m1.xml	2	1131	1531	78	28	50	0.014005091897223397	1331.0	0.7977346278317152	0.358974358974359
494	X401x492-2m1.xml	2	1133	1533	77	28	49	0.017950359342696155	1333.0	0.7993527508090615	0.36363636363636365
495	X401x492-2m1.xml	2	1135	1535	77	28	49	0.017950359342696155	1335.0	0.8009708737864077	0.36363636363636365
496	X401x492-2m1.xml	2	1137	1537	78	28	50	0.014005091897223397	1337.0	0.8025889967637541	0.358974358974359
497	X401x492-2m1.xml	2	1139	1539	78	28	50	0.014005091897223397	1339.0	0.8042071197411004	0.358974358974359
498	X401x492-2m1.xml	2	1141	1541	78	28	50	0.014005091897223397	1341.0	0.8058252427184466	0.358974358974359
499	X401x492-2m1.xml	2	1143	1543	76	26	50	0.0070704784500487845	1343.0	0.8074433656957929	0.34210526315789475
500	X401x492-2m1.xml	2	1145	1545	76	26	50	0.0070704784500487845	1345.0	0.8090614886731392	0.34210526315789475
501	X401x492-2m1.xml	2	1147	1547	76	26	50	0.0070704784500487845	1347.0	0.8106796116504854	0.34210526315789475
502	X401x492-2m1.xml	2	1149	1549	76	26	50	0.0070704784500487845	1349.0	0.8122977346278317	0.34210526315789475
503	X401x492-2m1.xml	2	1151	1551	76	26	50	0.0070704784500487845	1351.0	0.813915857605178	0.34210526315789475
504	X401x492-2m1.xml	2	1153	1553	76	26	50	0.0070704784500487845	1353.0	0.8155339805825242	0.34210526315789475
505	X401x492-2m1.xml	2	1155	1555	75	26	49	0.009188362464090783	1355.0	0.8171521035598706	0.3466666666666667
506	X401x492-2m1.xml	2	1157	1557	76	26	50	0.0070704784500487845	1357.0	0.8187702265372169	0.34210526315789475
507	X401x492-2m1.xml	2	1159	1559	75	25	50	0.004838165058232884	1359.0	0.8203883495145631	0.3333333333333333
508	X401x492-2m1.xml	2	1161	1561	77	26	51	0.005418399069273565	1361.0	0.8220064724919094	0.33766233766233766
509	X401x492-2m1.xml	2	1163	1563	76	26	50	0.0070704784500487845	1363.0	0.8236245954692557	0.34210526315789475
510	X401x492-2m1.xml	2	1165	1565	77	26	51	0.005418399069273565	1365.0	0.8252427184466019	0.33766233766233766
511	X401x492-2m1.xml	2	1167	1567	75	26	49	0.009188362464090783	1367.0	0.8268608414239482	0.3466666666666667
512	X401x492-2m1.xml	2	1169	1569	75	26	49	0.009188362464090783	1369.0	0.8284789644012945	0.3466666666666667
513	X401x492-2m1.xml	2	1171	1571	75	26	49	0.009188362464090783	1371.0	0.8300970873786407	0.3466666666666667
514	X401x492-2m1.xml	2	1173	1573	75	26	49	0.009188362464090783	1373.0	0.8317152103559871	0.3466666666666667
515	X401x492-2m1.xml	2	1175	1575	76	26	50	0.0070704784500487845	1375.0	0.8333333333333334	0.34210526315789475
516	X401x492-2m1.xml	2	1177	1577	77	27	50	0.010047090080149554	1377.0	0.8349514563106796	0.35064935064935066
517	X401x492-2m1.xml	2	1179	1579	76	27	49	0.013003355872954864	1379.0	0.8365695792880259	0.35526315789473684
518	X401x492-2m1.xml	2	1181	1581	77	27	50	0.010047090080149554	1381.0	0.8381877022653722	0.35064935064935066
519	X401x492-2m1.xml	2	1183	1583	77	27	50	0.010047090080149554	1383.0	0.8398058252427184	0.35064935064935066
520	X401x492-2m1.xml	2	1185	1585	77	27	50	0.010047090080149554	1385.0	0.8414239482200647	0.35064935064935066
521	X401x492-2m1.xml	2	1187	1587	77	27	50	0.010047090080149554	1387.0	0.843042071197411	0.35064935064935066
522	X401x492-2m1.xml	2	1189	1589	78	27	51	0.00777106493576242	1389.0	0.8446601941747572	0.34615384615384615
523	X401x492-2m1.xml	2	1191	1591	79	28	51	0.010993904100974132	1391.0	0.8462783171521036	0.35443037974683544
524	X401x492-2m1.xml	2	1193	1593	79	29	50	0.019329743622741077	1393.0	0.8478964401294499	0.3670886075949367
525	X401x492-2m1.xml	2	1195	1595	76	29	47	0.03971742191814437	1395.0	0.8495145631067961	0.3815789473684211
526	X401x492-2m1.xml	2	1197	1597	76	29	47	0.03971742191814437	1397.0	0.8511326860841424	0.3815789473684211
527	X401x492-2m1.xml	2	1199	1599	76	29	47	0.03971742191814437	1399.0	0.8527508090614887	0.3815789473684211
528	X401x492-2m1.xml	2	1201	1601	77	29	48	0.03122605367608509	1401.0	0.8543689320388349	0.37662337662337664
529	X401x492-2m1.xml	2	1203	1603	76	28	48	0.02273646790506413	1403.0	0.8559870550161812	0.3684210526315789
530	X401x492-2m1.xml	2	1205	1605	75	28	47	0.029086170126311095	1405.0	0.8576051779935275	0.37333333333333335
531	X401x492-2m1.xml	2	1207	1607	76	28	48	0.02273646790506413	1407.0	0.8592233009708737	0.3684210526315789
532	X401x492-2m1.xml	2	1209	1609	76	28	48	0.02273646790506413	1409.0	0.86084142394822	0.3684210526315789
533	X401x492-2m1.xml	2	1211	1611	75	28	47	0.029086170126311095	1411.0	0.8624595469255664	0.37333333333333335
534	X401x492-2m1.xml	2	1213	1613	76	28	48	0.02273646790506413	1413.0	0.8640776699029126	0.3684210526315789
535	X401x492-2m1.xml	2	1215	1615	76	28	48	0.02273646790506413	1415.0	0.8656957928802589	0.3684210526315789
536	X401x492-2m1.xml	2	1217	1617	76	28	48	0.02273646790506413	1417.0	0.8673139158576052	0.3684210526315789
537	X401x492-2m1.xml	2	1219	1619	76	28	48	0.02273646790506413	1419.0	0.8689320388349514	0.3684210526315789
538	X401x492-2m1.xml	2	1221	1621	76	28	48	0.02273646790506413	1421.0	0.8705501618122977	0.3684210526315789
539	X401x492-2m1.xml	2	1223	1623	76	27	49	0.013003355872954864	1423.0	0.872168284789644	0.35526315789473684
540	X401x492-2m1.xml	2	1225	1625	76	27	49	0.013003355872954864	1425.0	0.8737864077669902	0.35526315789473684
541	X401x492-2m1.xml	2	1227	1627	76	27	49	0.013003355872954864	1427.0	0.8754045307443366	0.35526315789473684
542	X401x492-2m1.xml	2	1229	1629	75	26	49	0.009188362464090783	1429.0	0.8770226537216829	0.3466666666666667
543	X401x492-2m1.xml	2	1231	1631	73	26	47	0.015151521671691167	1431.0	0.8786407766990292	0.3561643835616438
544	X401x492-2m1.xml	2	1233	1633	74	27	47	0.021241207780754983	1433.0	0.8802588996763754	0.36486486486486486
545	X401x492-2m1.xml	2	1235	1635	74	27	47	0.021241207780754983	1435.0	0.8818770226537217	0.36486486486486486
546	X401x492-2m1.xml	2	1237	1637	74	27	47	0.021241207780754983	1437.0	0.883495145631068	0.36486486486486486
547	X401x492-2m1.xml	2	1239	1639	73	26	47	0.015151521671691167	1439.0	0.8851132686084142	0.3561643835616438
548	X401x492-2m1.xml	2	1241	1641	73	26	47	0.015151521671691167	1441.0	0.8867313915857605	0.3561643835616438
549	X401x492-2m1.xml	2	1243	1643	73	26	47	0.015151521671691167	1443.0	0.8883495145631068	0.3561643835616438
550	X401x492-2m1.xml	2	1245	1645	73	26	47	0.015151521671691167	1445.0	0.889967637540453	0.3561643835616438
551	X401x492-2m1.xml	2	1247	1647	74	26	48	0.011888780730338992	1447.0	0.8915857605177994	0.35135135135135137
552	X401x492-2m1.xml	2	1249	1649	74	26	48	0.011888780730338992	1449.0	0.8932038834951457	0.35135135135135137
553	X401x492-2m1.xml	2	1251	1651	74	26	48	0.011888780730338992	1451.0	0.8948220064724919	0.35135135135135137
554	X401x492-2m1.xml	2	1253	1653	73	25	48	0.008375525583695979	1453.0	0.8964401294498382	0.3424657534246575
555	X401x492-2m1.xml	2	1255	1655	74	26	48	0.011888780730338992	1455.0	0.8980582524271845	0.35135135135135137
556	X401x492-2m1.xml	2	1257	1657	75	27	48	0.016514382649154054	1457.0	0.8996763754045307	0.36
557	X401x492-2m1.xml	2	1259	1659	75	27	48	0.016514382649154054	1459.0	0.901294498381877	0.36
558	X401x492-2m1.xml	2	1261	1661	75	27	48	0.016514382649154054	1461.0	0.9029126213592233	0.36
559	X401x492-2m1.xml	2	1263	1663	74	26	48	0.011888780730338992	1463.0	0.9045307443365695	0.35135135135135137
560	X401x492-2m1.xml	2	1265	1665	75	26	49	0.009188362464090783	1465.0	0.9061488673139159	0.3466666666666667
561	X401x492-2m1.xml	2	1267	1667	75	26	49	0.009188362464090783	1467.0	0.9077669902912622	0.3466666666666667
562	X401x492-2m1.xml	2	1269	1669	77	26	51	0.005418399069273565	1469.0	0.9093851132686084	0.33766233766233766
563	X401x492-2m1.xml	2	1271	1671	76	25	51	0.0035981742907302337	1471.0	0.9110032362459547	0.32894736842105265
564	X401x492-2m1.xml	2	1273	1673	76	25	51	0.0035981742907302337	1473.0	0.912621359223301	0.32894736842105265
565	X401x492-2m1.xml	2	1275	1675	73	24	49	0.004275948444789586	1475.0	0.9142394822006472	0.3287671232876712
566	X401x492-2m1.xml	2	1277	1677	72	23	49	0.002769066992678755	1477.0	0.9158576051779935	0.3194444444444444
567	X401x492-2m1.xml	2	1279	1679	74	23	51	0.001471828431770521	1479.0	0.9174757281553398	0.3108108108108108
568	X401x492-2m1.xml	2	1281	1681	74	23	51	0.001471828431770521	1481.0	0.919093851132686	0.3108108108108108
569	X401x492-2m1.xml	2	1283	1683	74	23	51	0.001471828431770521	1483.0	0.9207119741100324	0.3108108108108108
570	X401x492-2m1.xml	2	1285	1685	73	23	50	0.0020211574846897857	1485.0	0.9223300970873787	0.3150684931506849
571	X401x492-2m1.xml	2	1287	1687	74	24	50	0.0031675990910157896	1487.0	0.9239482200647249	0.32432432432432434
572	X401x492-2m1.xml	2	1289	1689	74	24	50	0.0031675990910157896	1489.0	0.9255663430420712	0.32432432432432434
573	X401x492-2m1.xml	2	1291	1691	73	24	49	0.004275948444789586	1491.0	0.9271844660194175	0.3287671232876712
574	X401x492-2m1.xml	2	1293	1693	73	24	49	0.004275948444789586	1493.0	0.9288025889967637	0.3287671232876712
575	X401x492-2m1.xml	2	1295	1695	73	24	49	0.004275948444789586	1495.0	0.93042071197411	0.3287671232876712
576	X401x492-2m1.xml	2	1297	1697	72	24	48	0.005711080775677049	1497.0	0.9320388349514563	0.3333333333333333
577	X401x492-2m1.xml	2	1299	1699	72	24	48	0.005711080775677049	1499.0	0.9336569579288025	0.3333333333333333
578	X401x492-2m1.xml	2	1301	1701	72	24	48	0.005711080775677049	1501.0	0.9352750809061489	0.3333333333333333
579	X401x492-2m1.xml	2	1303	1703	72	24	48	0.005711080775677049	1503.0	0.9368932038834952	0.3333333333333333
580	X401x492-2m1.xml	2	1305	1705	72	24	48	0.005711080775677049	1505.0	0.9385113268608414	0.3333333333333333
581	X401x492-2m1.xml	2	1307	1707	72	24	48	0.005711080775677049	1507.0	0.9401294498381877	0.3333333333333333
582	X401x492-2m1.xml	2	1309	1709	71	24	47	0.0075484233963972	1509.0	0.941747572815534	0.3380281690140845
583	X401x492-2m1.xml	2	1311	1711	71	24	47	0.0075484233963972	1511.0	0.9433656957928802	0.3380281690140845
584	X401x492-2m1.xml	2	1313	1713	71	24	47	0.0075484233963972	1513.0	0.9449838187702265	0.3380281690140845
585	X401x492-2m1.xml	2	1315	1715	70	24	46	0.009912090164383096	1515.0	0.9466019417475728	0.34285714285714286
586	X401x492-2m1.xml	2	1317	1717	71	25	46	0.014005091897223397	1517.0	0.948220064724919	0.352112676056338
587	X401x492-2m1.xml	2	1319	1719	71	25	46	0.014005091897223397	1519.0	0.9498381877022654	0.352112676056338
588	X401x492-2m1.xml	2	1321	1721	71	25	46	0.014005091897223397	1521.0	0.9514563106796117	0.352112676056338
589	X401x492-2m1.xml	2	1323	1723	71	25	46	0.014005091897223397	1523.0	0.9530744336569579	0.352112676056338
590	X401x492-2m1.xml	2	1325	1725	71	25	46	0.014005091897223397	1525.0	0.9546925566343042	0.352112676056338
591	X401x492-2m1.xml	2	1327	1727	73	26	47	0.015151521671691167	1527.0	0.9563106796116505	0.3561643835616438
592	X401x492-2m1.xml	2	1329	1729	73	26	47	0.015151521671691167	1529.0	0.9579288025889967	0.3561643835616438
593	X401x492-2m1.xml	2	1331	1731	73	26	47	0.015151521671691167	1531.0	0.959546925566343	0.3561643835616438
594	X401x492-2m1.xml	2	1333	1733	72	26	46	0.019593291505304578	1533.0	0.9611650485436893	0.3611111111111111
595	X401x492-2m1.xml	2	1335	1735	70	25	45	0.017958907706597364	1535.0	0.9627831715210357	0.35714285714285715
596	X401x492-2m1.xml	2	1337	1737	70	25	45	0.017958907706597364	1537.0	0.9644012944983819	0.35714285714285715
597	X401x492-2m1.xml	2	1339	1739	70	25	45	0.017958907706597364	1539.0	0.9660194174757282	0.35714285714285715
598	X401x492-2m1.xml	2	1341	1741	70	25	45	0.017958907706597364	1541.0	0.9676375404530745	0.35714285714285715
599	X401x492-2m1.xml	2	1343	1743	71	26	45	0.02494656662938826	1543.0	0.9692556634304207	0.36619718309859156
600	X401x492-2m1.xml	2	1345	1745	71	26	45	0.02494656662938826	1545.0	0.970873786407767	0.36619718309859156
601	X401x492-2m1.xml	2	1347	1747	71	26	45	0.02494656662938826	1547.0	0.9724919093851133	0.36619718309859156
602	X401x492-2m1.xml	2	1349	1749	71	26	45	0.02494656662938826	1549.0	0.9741100323624595	0.36619718309859156
603	X401x492-2m1.xml	2	1351	1751	71	26	45	0.02494656662938826	1551.0	0.9757281553398058	0.36619718309859156
604	X401x492-2m1.xml	2	1353	1753	71	26	45	0.02494656662938826	1553.0	0.9773462783171522	0.36619718309859156
605	X401x492-2m1.xml	2	1355	1755	70	26	44	0.032224621993224185	1555.0	0.9789644012944984	0.37142857142857144
606	X401x492-2m1.xml	2	1357	1757	70	26	44	0.032224621993224185	1557.0	0.9805825242718447	0.37142857142857144
607	X401x492-2m1.xml	2	1359	1759	69	26	43	0.041369685501210424	1559.0	0.982200647249191	0.37681159420289856
608	X401x492-2m1.xml	2	1361	1761	69	26	43	0.041369685501210424	1561.0	0.9838187702265372	0.37681159420289856
609	X401x492-2m1.xml	2	1363	1763	67	26	41	0.06752528632268479	1563.0	0.9854368932038835	0.3880597014925373
610	X401x492-2m1.xml	2	1365	1765	67	26	41	0.06752528632268479	1565.0	0.9870550161812298	0.3880597014925373
611	X401x492-2m1.xml	2	1367	1767	65	26	39	0.10686371499337913	1567.0	0.988673139158576	0.4
612	X401x492-2m1.xml	2	1369	1769	66	26	40	0.08525091563161892	1569.0	0.9902912621359223	0.3939393939393939
613	X401x492-2m1.xml	2	1371	1771	65	26	39	0.10686371499337913	1571.0	0.9919093851132686	0.4
614	X401x492-2m1.xml	2	1373	1773	65	26	39	0.10686371499337913	1573.0	0.9935275080906149	0.4
615	X401x492-2m1.xml	2	1375	1775	65	25	40	0.06373857969256545	1575.0	0.9951456310679612	0.38461538461538464
616	X401x492-2m1.xml	2	1377	1777	66	26	40	0.08525091563161892	1577.0	0.9967637540453075	0.3939393939393939
617	X401x492-2m1.xml	2	1379	1779	66	26	40	0.08525091563161892	1579.0	0.9983818770226537	0.3939393939393939
618	X401x492-2m1.xml	2	1381	1781	67	26	41	0.06752528632268479	1581.0	1.0	0.3880597014925373
